   0.0000000e+00   0.0000000e+00
   5.0505051e-02   6.1167507e-04
   1.0101010e-01   4.3741302e-03
   1.5151515e-01   1.3206118e-02
   2.0202020e-01   2.8019511e-02
   2.5252525e-01   4.9006748e-02
   3.0303030e-01   7.5858401e-02
   3.5353535e-01   1.0792832e-01
   4.0404040e-01   1.4435910e-01
   4.5454545e-01   1.8417735e-01
   5.0505051e-01   2.2636552e-01
   5.5555556e-01   2.6991564e-01
   6.0606061e-01   3.1386874e-01
   6.5656566e-01   3.5734285e-01
   7.0707071e-01   3.9955211e-01
   7.5757576e-01   4.3981842e-01
   8.0808081e-01   4.7757748e-01
   8.5858586e-01   5.1237998e-01
   9.0909091e-01   5.4388930e-01
   9.5959596e-01   5.7187621e-01
   1.0101010e+00   5.9621145e-01
   1.0606061e+00   6.1685676e-01
   1.1111111e+00   6.3385479e-01
   1.1616162e+00   6.4731839e-01
   1.2121212e+00   6.5741963e-01
   1.2626263e+00   6.6437888e-01
   1.3131313e+00   6.6845409e-01
   1.3636364e+00   6.6993077e-01
   1.4141414e+00   6.6911241e-01
   1.4646465e+00   6.6631193e-01
   1.5151515e+00   6.6184383e-01
   1.5656566e+00   6.5601739e-01
   1.6161616e+00   6.4913085e-01
   1.6666667e+00   6.4146650e-01
   1.7171717e+00   6.3328679e-01
   1.7676768e+00   6.2483131e-01
   1.8181818e+00   6.1631471e-01
   1.8686869e+00   6.0792529e-01
   1.9191919e+00   5.9982449e-01
   1.9696970e+00   5.9214683e-01
   2.0202020e+00   5.8500062e-01
   2.0707071e+00   5.7846895e-01
   2.1212121e+00   5.7261124e-01
   2.1717172e+00   5.6746497e-01
   2.2222222e+00   5.6304774e-01
   2.2727273e+00   5.5935945e-01
   2.3232323e+00   5.5638455e-01
   2.3737374e+00   5.5409440e-01
   2.4242424e+00   5.5244951e-01
   2.4747475e+00   5.5140182e-01
   2.5252525e+00   5.5089676e-01
   2.5757576e+00   5.5087532e-01
   2.6262626e+00   5.5127580e-01
   2.6767677e+00   5.5203549e-01
   2.7272727e+00   5.5309214e-01
   2.7777778e+00   5.5438520e-01
   2.8282828e+00   5.5585690e-01
   2.8787879e+00   5.5745311e-01
   2.9292929e+00   5.5912402e-01
   2.9797980e+00   5.6082462e-01
   3.0303030e+00   5.6251507e-01
   3.0808081e+00   5.6416088e-01
   3.1313131e+00   5.6573291e-01
   3.1818182e+00   5.6720733e-01
   3.2323232e+00   5.6856547e-01
   3.2828283e+00   5.6979348e-01
   3.3333333e+00   5.7088208e-01
   3.3838384e+00   5.7182613e-01
   3.4343434e+00   5.7262419e-01
   3.4848485e+00   5.7327813e-01
   3.5353535e+00   5.7379261e-01
   3.5858586e+00   5.7417466e-01
   3.6363636e+00   5.7443319e-01
   3.6868687e+00   5.7457861e-01
   3.7373737e+00   5.7462237e-01
   3.7878788e+00   5.7457660e-01
   3.8383838e+00   5.7445379e-01
   3.8888889e+00   5.7426643e-01
   3.9393939e+00   5.7402679e-01
   3.9898990e+00   5.7374666e-01
   4.0404040e+00   5.7343718e-01
   4.0909091e+00   5.7310868e-01
   4.1414141e+00   5.7277056e-01
   4.1919192e+00   5.7243123e-01
   4.2424242e+00   5.7209801e-01
   4.2929293e+00   5.7177720e-01
   4.3434343e+00   5.7147398e-01
   4.3939394e+00   5.7119253e-01
   4.4444444e+00   5.7093600e-01
   4.4949495e+00   5.7070664e-01
   4.5454545e+00   5.7050580e-01
   4.5959596e+00   5.7033407e-01
   4.6464646e+00   5.7019136e-01
   4.6969697e+00   5.7007696e-01
   4.7474747e+00   5.6998965e-01
   4.7979798e+00   5.6992780e-01
   4.8484848e+00   5.6988945e-01
   4.8989899e+00   5.6987239e-01
   4.9494949e+00   5.6987425e-01
   5.0000000e+00   5.6989255e-01
