   0.0000000e+00   0.0000000e+00  -5.0000000e+00   5.0000000e+00  -5.0000000e+00  -5.0000000e+00  -1.0000000e+01   0.0000000e+00   0.0000000e+00
  -8.6721776e-02   0.0000000e+00  -4.8302974e+00   5.3847974e+00  -4.8302974e+00  -5.3847974e+00  -1.0252683e+01   0.0000000e+00   1.0339173e-01
  -9.8019963e-02   0.0000000e+00  -4.8086210e+00   5.4365391e+00  -4.8086210e+00  -5.4365391e+00  -1.0284738e+01   0.0000000e+00   1.1801333e-01
  -1.1064235e-01   0.0000000e+00  -4.7844885e+00   5.4948759e+00  -4.7844885e+00  -5.4948759e+00  -1.0320381e+01   0.0000000e+00   1.3470271e-01
  -1.2470230e-01   0.0000000e+00  -4.7576992e+00   5.5605578e+00  -4.7576992e+00  -5.5605578e+00  -1.0359899e+01   0.0000000e+00   1.5375229e-01
  -1.4031097e-01   0.0000000e+00  -4.7280545e+00   5.6343994e+00  -4.7280545e+00  -5.6343994e+00  -1.0403580e+01   0.0000000e+00   1.7549586e-01
  -1.5757328e-01   0.0000000e+00  -4.6953629e+00   5.7172813e+00  -4.6953629e+00  -5.7172813e+00  -1.0451701e+01   0.0000000e+00   2.0031438e-01
  -1.7658295e-01   0.0000000e+00  -4.6594451e+00   5.8101501e+00  -4.6594451e+00  -5.8101501e+00  -1.0504527e+01   0.0000000e+00   2.2864273e-01
  -1.9741667e-01   0.0000000e+00  -4.6201409e+00   5.9140184e+00  -4.6201409e+00  -5.9140184e+00  -1.0562302e+01   0.0000000e+00   2.6097726e-01
  -2.2012735e-01   0.0000000e+00  -4.5773159e+00   6.0299632e+00  -4.5773159e+00  -6.0299632e+00  -1.0625241e+01   0.0000000e+00   2.9788451e-01
  -2.4473690e-01   0.0000000e+00  -4.5308688e+00   6.1591233e+00  -4.5308688e+00  -6.1591233e+00  -1.0693526e+01   0.0000000e+00   3.4001117e-01
  -2.7122891e-01   0.0000000e+00  -4.4807381e+00   6.3026960e+00  -4.4807381e+00  -6.3026960e+00  -1.0767295e+01   0.0000000e+00   3.8809536e-01
  -2.9954179e-01   0.0000000e+00  -4.4269090e+00   6.4619328e+00  -4.4269090e+00  -6.4619328e+00  -1.0846640e+01   0.0000000e+00   4.4297959e-01
  -3.2956322e-01   0.0000000e+00  -4.3694186e+00   6.6381342e+00  -4.3694186e+00  -6.6381342e+00  -1.0931600e+01   0.0000000e+00   5.0562552e-01
  -3.6112687e-01   0.0000000e+00  -4.3083597e+00   6.8326444e+00  -4.3083597e+00  -6.8326444e+00  -1.1022154e+01   0.0000000e+00   5.7713080e-01
  -3.9401206e-01   0.0000000e+00  -4.2438825e+00   7.0468469e+00  -4.2438825e+00  -7.0468469e+00  -1.1118223e+01   0.0000000e+00   6.5874831e-01
  -4.2794734e-01   0.0000000e+00  -4.1761933e+00   7.2821602e+00  -4.1761933e+00  -7.2821602e+00  -1.1219666e+01   0.0000000e+00   7.5190813e-01
  -4.6261796e-01   0.0000000e+00  -4.1055514e+00   7.5400356e+00  -4.1055514e+00  -7.5400356e+00  -1.1326279e+01   0.0000000e+00   8.5824255e-01
  -4.9767736e-01   0.0000000e+00  -4.0322625e+00   7.8219583e+00  -4.0322625e+00  -7.8219583e+00  -1.1437798e+01   0.0000000e+00   9.7961473e-01
  -5.3276159e-01   0.0000000e+00  -3.9566707e+00   8.1294506e+00  -3.9566707e+00  -8.1294506e+00  -1.1553897e+01   0.0000000e+00   1.1181513e+00
  -5.6750555e-01   0.0000000e+00  -3.8791488e+00   8.4640801e+00  -3.8791488e+00  -8.4640801e+00  -1.1674197e+01   0.0000000e+00   1.2762796e+00
  -6.0155934e-01   0.0000000e+00  -3.8000880e+00   8.8274708e+00  -3.8000880e+00  -8.8274708e+00  -1.1798265e+01   0.0000000e+00   1.4567704e+00
  -6.3460302e-01   0.0000000e+00  -3.7198887e+00   9.2213185e+00  -3.7198887e+00  -9.2213185e+00  -1.1925620e+01   0.0000000e+00   1.6627860e+00
  -6.6635862e-01   0.0000000e+00  -3.6389516e+00   9.6474083e+00  -3.6389516e+00  -9.6474083e+00  -1.2055738e+01   0.0000000e+00   1.8979363e+00
  -6.9659817e-01   0.0000000e+00  -3.5576711e+00   1.0107635e+01  -3.5576711e+00  -1.0107635e+01  -1.2188060e+01   0.0000000e+00   2.1663414e+00
  -7.2514783e-01   0.0000000e+00  -3.4764300e+00   1.0604025e+01  -3.4764300e+00  -1.0604025e+01  -1.2321992e+01   0.0000000e+00   2.4727042e+00
  -7.5188806e-01   0.0000000e+00  -3.3955967e+00   1.1138758e+01  -3.3955967e+00  -1.1138758e+01  -1.2456919e+01   0.0000000e+00   2.8223926e+00
  -7.7675072e-01   0.0000000e+00  -3.3155224e+00   1.1714187e+01  -3.3155224e+00  -1.1714187e+01  -1.2592204e+01   0.0000000e+00   3.2215338e+00
  -7.9971369e-01   0.0000000e+00  -3.2365406e+00   1.2332862e+01  -3.2365406e+00  -1.2332862e+01  -1.2727205e+01   0.0000000e+00   3.6771213e+00
  -8.2079425e-01   0.0000000e+00  -3.1589663e+00   1.2997547e+01  -3.1589663e+00  -1.2997547e+01  -1.2861273e+01   0.0000000e+00   4.1971377e+00
  -8.4004165e-01   0.0000000e+00  -3.0830953e+00   1.3711242e+01  -3.0830953e+00  -1.3711242e+01  -1.2993768e+01   0.0000000e+00   4.7906946e+00
  -8.5752989e-01   0.0000000e+00  -3.0092035e+00   1.4477198e+01  -3.0092035e+00  -1.4477198e+01  -1.3124063e+01   0.0000000e+00   5.4681919e+00
  -8.7335089e-01   0.0000000e+00  -2.9375459e+00   1.5298936e+01  -2.9375459e+00  -1.5298936e+01  -1.3251557e+01   0.0000000e+00   6.2415005e+00
  -8.8760847e-01   0.0000000e+00  -2.8683546e+00   1.6180263e+01  -2.8683546e+00  -1.6180263e+01  -1.3375682e+01   0.0000000e+00   7.1241700e+00
  -9.0041330e-01   0.0000000e+00  -2.8018373e+00   1.7125287e+01  -2.8018373e+00  -1.7125287e+01  -1.3495912e+01   0.0000000e+00   8.1316661e+00
  -9.1187873e-01   0.0000000e+00  -2.7381746e+00   1.8138434e+01  -2.7381746e+00  -1.8138434e+01  -1.3611772e+01   0.0000000e+00   9.2816418e+00
  -9.2211757e-01   0.0000000e+00  -2.6775184e+00   1.9224461e+01  -2.6775184e+00  -1.9224461e+01  -1.3722846e+01   0.0000000e+00   1.0594246e+01
  -9.3123962e-01   0.0000000e+00  -2.6199893e+00   2.0388475e+01  -2.6199893e+00  -2.0388475e+01  -1.3828782e+01   0.0000000e+00   1.2092479e+01
  -9.3934994e-01   0.0000000e+00  -2.5656758e+00   2.1635949e+01  -2.5656758e+00  -2.1635949e+01  -1.3929299e+01   0.0000000e+00   1.3802590e+01
  -9.4654769e-01   0.0000000e+00  -2.5146325e+00   2.2972736e+01  -2.5146325e+00  -2.2972736e+01  -1.4024187e+01   0.0000000e+00   1.5754545e+01
  -9.5292538e-01   0.0000000e+00  -2.4668810e+00   2.4405095e+01  -2.4668810e+00  -2.4405095e+01  -1.4113313e+01   0.0000000e+00   1.7982544e+01
  -9.5856856e-01   0.0000000e+00  -2.4224098e+00   2.5939702e+01  -2.4224098e+00  -2.5939702e+01  -1.4196612e+01   0.0000000e+00   2.0525625e+01
  -9.6355570e-01   0.0000000e+00  -2.3811764e+00   2.7583682e+01  -2.3811764e+00  -2.7583682e+01  -1.4274092e+01   0.0000000e+00   2.3428347e+01
  -9.6795834e-01   0.0000000e+00  -2.3431094e+00   2.9344626e+01  -2.3431094e+00  -2.9344626e+01  -1.4345823e+01   0.0000000e+00   2.6741571e+01
  -9.7184132e-01   0.0000000e+00  -2.3081120e+00   3.1230626e+01  -2.3081120e+00  -3.1230626e+01  -1.4411935e+01   0.0000000e+00   3.0523349e+01
  -9.7526315e-01   0.0000000e+00  -2.2760654e+00   3.3250301e+01  -2.2760654e+00  -3.3250301e+01  -1.4472606e+01   0.0000000e+00   3.4839944e+01
  -9.7827641e-01   0.0000000e+00  -2.2468326e+00   3.5412832e+01  -2.2468326e+00  -3.5412832e+01  -1.4528058e+01   0.0000000e+00   3.9766990e+01
  -9.8092821e-01   0.0000000e+00  -2.2202631e+00   3.7728002e+01  -2.2202631e+00  -3.7728002e+01  -1.4578546e+01   0.0000000e+00   4.5390815e+01
  -9.8326061e-01   0.0000000e+00  -2.1961965e+00   4.0206233e+01  -2.1961965e+00  -4.0206233e+01  -1.4624346e+01   0.0000000e+00   5.1809958e+01
  -9.8531108e-01   0.0000000e+00  -2.1744663e+00   4.2858637e+01  -2.1744663e+00  -4.2858637e+01  -1.4665756e+01   0.0000000e+00   5.9136894e+01
  -9.8711292e-01   0.0000000e+00  -2.1549039e+00   4.5697058e+01  -2.1549039e+00  -4.5697058e+01  -1.4703079e+01   0.0000000e+00   6.7500000e+01
  -9.9996852e-01   0.0000000e+00  -2.0004156e+00   9.1499337e+02  -2.0004156e+00  -9.1499337e+02  -1.4999200e+01   0.0000000e+00   2.7904863e+04
  -1.0000000e+00   0.0000000e+00             Inf   0.0000000e+00             Inf   0.0000000e+00  -1.5000000e+01   0.0000000e+00             Inf
