  -1.0000000e+01   0.0000000e+00  -5.0000000e+00   5.0000000e+00  -5.0000000e+00  -5.0000000e+00   0.0000000e+00
  -1.0379252e+01   0.0000000e+00  -4.8103740e+00   5.6063364e+00  -4.8103740e+00  -5.6063364e+00   1.4756247e-01
  -1.0422140e+01   0.0000000e+00  -4.7889301e+00   5.6798522e+00  -4.7889301e+00  -5.6798522e+00   1.6721234e-01
  -1.0469047e+01   0.0000000e+00  -4.7654765e+00   5.7614758e+00  -4.7654765e+00  -5.7614758e+00   1.8947884e-01
  -1.0520184e+01   0.0000000e+00  -4.7399078e+00   5.8519380e+00  -4.7399078e+00  -5.8519380e+00   2.1471042e-01
  -1.0575745e+01   0.0000000e+00  -4.7121277e+00   5.9520074e+00  -4.7121277e+00  -5.9520074e+00   2.4330192e-01
  -1.0635896e+01   0.0000000e+00  -4.6820518e+00   6.0624894e+00  -4.6820518e+00  -6.0624894e+00   2.7570074e-01
  -1.0700780e+01   0.0000000e+00  -4.6496099e+00   6.1842248e+00  -4.6496099e+00  -6.1842248e+00   3.1241389e-01
  -1.0770502e+01   0.0000000e+00  -4.6147488e+00   6.3180886e+00  -4.6147488e+00  -6.3180886e+00   3.5401588e-01
  -1.0845132e+01   0.0000000e+00  -4.5774340e+00   6.4649886e+00  -4.5774340e+00  -6.4649886e+00   4.0115772e-01
  -1.0924697e+01   0.0000000e+00  -4.5376514e+00   6.6258658e+00  -4.5376514e+00  -6.6258658e+00   4.5457710e-01
  -1.1009181e+01   0.0000000e+00  -4.4954094e+00   6.8016939e+00  -4.4954094e+00  -6.8016939e+00   5.1510998e-01
  -1.1098522e+01   0.0000000e+00  -4.4507392e+00   6.9934811e+00  -4.4507392e+00  -6.9934811e+00   5.8370359e-01
  -1.1192609e+01   0.0000000e+00  -4.4036957e+00   7.2022718e+00  -4.4036957e+00  -7.2022718e+00   6.6143135e-01
  -1.1291285e+01   0.0000000e+00  -4.3543575e+00   7.4291503e+00  -4.3543575e+00  -7.4291503e+00   7.4950956e-01
  -1.1394346e+01   0.0000000e+00  -4.3028268e+00   7.6752446e+00  -4.3028268e+00  -7.6752446e+00   8.4931654e-01
  -1.1501543e+01   0.0000000e+00  -4.2492283e+00   7.9417325e+00  -4.2492283e+00  -7.9417325e+00   9.6241413e-01
  -1.1612582e+01   0.0000000e+00  -4.1937090e+00   8.2298475e+00  -4.1937090e+00  -8.2298475e+00   1.0905721e+00
  -1.1727128e+01   0.0000000e+00  -4.1364361e+00   8.5408869e+00  -4.1364361e+00  -8.5408869e+00   1.2357960e+00
  -1.1844808e+01   0.0000000e+00  -4.0775961e+00   8.8762198e+00  -4.0775961e+00  -8.8762198e+00   1.4003584e+00
  -1.1965214e+01   0.0000000e+00  -4.0173932e+00   9.2372966e+00  -4.0173932e+00  -9.2372966e+00   1.5868344e+00
  -1.2087906e+01   0.0000000e+00  -3.9560469e+00   9.6256589e+00  -3.9560469e+00  -9.6256589e+00   1.7981421e+00
  -1.2212419e+01   0.0000000e+00  -3.8937905e+00   1.0042950e+01  -3.8937905e+00  -1.0042950e+01   2.0375882e+00
  -1.2338262e+01   0.0000000e+00  -3.8308690e+00   1.0490925e+01  -3.8308690e+00  -1.0490925e+01   2.3089197e+00
  -1.2464927e+01   0.0000000e+00  -3.7675364e+00   1.0971463e+01  -3.7675364e+00  -1.0971463e+01   2.6163825e+00
  -1.2591893e+01   0.0000000e+00  -3.7040536e+00   1.1486581e+01  -3.7040536e+00  -1.1486581e+01   2.9647880e+00
  -1.2718629e+01   0.0000000e+00  -3.6406857e+00   1.2038438e+01  -3.6406857e+00  -1.2038438e+01   3.3595882e+00
  -1.2844602e+01   0.0000000e+00  -3.5776991e+00   1.2629357e+01  -3.5776991e+00  -1.2629357e+01   3.8069612e+00
  -1.2969283e+01   0.0000000e+00  -3.5153583e+00   1.3261830e+01  -3.5153583e+00  -1.3261830e+01   4.3139077e+00
  -1.3092154e+01   0.0000000e+00  -3.4539231e+00   1.3938531e+01  -3.4539231e+00  -1.3938531e+01   4.8883609e+00
  -1.3212710e+01   0.0000000e+00  -3.3936449e+00   1.4662332e+01  -3.3936449e+00  -1.4662332e+01   5.5393099e+00
  -1.3330472e+01   0.0000000e+00  -3.3347639e+00   1.5436309e+01  -3.3347639e+00  -1.5436309e+01   6.2769413e+00
  -1.3444990e+01   0.0000000e+00  -3.2775049e+00   1.6263759e+01  -3.2775049e+00  -1.6263759e+01   7.1127980e+00
  -1.3555850e+01   0.0000000e+00  -3.2220748e+00   1.7148210e+01  -3.2220748e+00  -1.7148210e+01   8.0599599e+00
  -1.3662681e+01   0.0000000e+00  -3.1686596e+00   1.8093432e+01  -3.1686596e+00  -1.8093432e+01   9.1332488e+00
  -1.3765158e+01   0.0000000e+00  -3.1174211e+00   1.9103453e+01  -3.1174211e+00  -1.9103453e+01   1.0349460e+01
  -1.3863009e+01   0.0000000e+00  -3.0684953e+00   2.0182566e+01  -3.0684953e+00  -2.0182566e+01   1.1727626e+01
  -1.3956019e+01   0.0000000e+00  -3.0219906e+00   2.1335347e+01  -3.0219906e+00  -2.1335347e+01   1.3289312e+01
  -1.4044026e+01   0.0000000e+00  -2.9779872e+00   2.2566667e+01  -2.9779872e+00  -2.2566667e+01   1.5058958e+01
  -1.4126928e+01   0.0000000e+00  -2.9365360e+00   2.3881707e+01  -2.9365360e+00  -2.3881707e+01   1.7064254e+01
  -1.4204680e+01   0.0000000e+00  -2.8976601e+00   2.5285972e+01  -2.8976601e+00  -2.5285972e+01   1.9336582e+01
  -1.4277289e+01   0.0000000e+00  -2.8613554e+00   2.6785311e+01  -2.8613554e+00  -2.6785311e+01   2.1911501e+01
  -1.4344815e+01   0.0000000e+00  -2.8275926e+00   2.8385934e+01  -2.8275926e+00  -2.8385934e+01   2.4829303e+01
  -1.4407361e+01   0.0000000e+00  -2.7963196e+00   3.0094433e+01  -2.7963196e+00  -3.0094433e+01   2.8135649e+01
  -1.4465072e+01   0.0000000e+00  -2.7674641e+00   3.1917806e+01  -2.7674641e+00  -3.1917806e+01   3.1882278e+01
  -1.4518126e+01   0.0000000e+00  -2.7409369e+00   3.3863480e+01  -2.7409369e+00  -3.3863480e+01   3.6127819e+01
  -1.4566730e+01   0.0000000e+00  -2.7166352e+00   3.5939341e+01  -2.7166352e+00  -3.5939341e+01   4.0938710e+01
  -1.4611109e+01   0.0000000e+00  -2.6944453e+00   3.8153759e+01  -2.6944453e+00  -3.8153759e+01   4.6390233e+01
  -1.4651508e+01   0.0000000e+00  -2.6742461e+00   4.0515625e+01  -2.6742461e+00  -4.0515625e+01   5.2567698e+01
  -1.4688176e+01   0.0000000e+00  -2.6559121e+00   4.3034385e+01  -2.6559121e+00  -4.3034385e+01   5.9567773e+01
  -1.4721369e+01   0.0000000e+00  -2.6393154e+00   4.5720076e+01  -2.6393154e+00  -4.5720076e+01   6.7500000e+01
  -1.4999255e+01   0.0000000e+00  -2.5003724e+00   9.1596139e+02  -2.5003724e+00  -9.1596139e+02   2.7963884e+04
  -1.5000000e+01   0.0000000e+00             Inf   0.0000000e+00             Inf   0.0000000e+00             Inf
