   0.0000000e+00   0.0000000e+00
   1.5075377e-02   2.3696226e-02
   3.0150754e-02   4.8554856e-02
   4.5226131e-02   7.4063867e-02
   6.0301508e-02   9.9769393e-02
   7.5376884e-02   1.2527437e-01
   9.0452261e-02   1.5023660e-01
   1.0552764e-01   1.7436635e-01
   1.2060302e-01   1.9742356e-01
   1.3567839e-01   2.1921469e-01
   1.5075377e-01   2.3958943e-01
   1.6582915e-01   2.5843719e-01
   1.8090452e-01   2.7568345e-01
   1.9597990e-01   2.9128620e-01
   2.1105528e-01   3.0523229e-01
   2.2613065e-01   3.1753390e-01
   2.4120603e-01   3.2822509e-01
   2.5628141e-01   3.3735848e-01
   2.7135678e-01   3.4500216e-01
   2.8643216e-01   3.5123668e-01
   3.0150754e-01   3.5615235e-01
   3.1658291e-01   3.5984669e-01
   3.3165829e-01   3.6242212e-01
   3.4673367e-01   3.6398389e-01
   3.6180905e-01   3.6463821e-01
   3.7688442e-01   3.6449065e-01
   3.9195980e-01   3.6364472e-01
   4.0703518e-01   3.6220063e-01
   4.2211055e-01   3.6025435e-01
   4.3718593e-01   3.5789675e-01
   4.5226131e-01   3.5521298e-01
   4.6733668e-01   3.5228201e-01
   4.8241206e-01   3.4917626e-01
   4.9748744e-01   3.4596146e-01
   5.1256281e-01   3.4269654e-01
   5.2763819e-01   3.3943365e-01
   5.4271357e-01   3.3621833e-01
   5.5778894e-01   3.3308967e-01
   5.7286432e-01   3.3008059e-01
   5.8793970e-01   3.2721817e-01
   6.0301508e-01   3.2452399e-01
   6.1809045e-01   3.2201452e-01
   6.3316583e-01   3.1970158e-01
   6.4824121e-01   3.1759270e-01
   6.6331658e-01   3.1569160e-01
   6.7839196e-01   3.1399862e-01
   6.9346734e-01   3.1251113e-01
   7.0854271e-01   3.1122395e-01
   7.2361809e-01   3.1012973e-01
   7.3869347e-01   3.0921935e-01
   7.5376884e-01   3.0848228e-01
   7.6884422e-01   3.0790687e-01
   7.8391960e-01   3.0748069e-01
   7.9899497e-01   3.0719079e-01
   8.1407035e-01   3.0702394e-01
   8.2914573e-01   3.0696688e-01
   8.4422111e-01   3.0700646e-01
   8.5929648e-01   3.0712987e-01
   8.7437186e-01   3.0732473e-01
   8.8944724e-01   3.0757924e-01
   9.0452261e-01   3.0788225e-01
   9.1959799e-01   3.0822334e-01
   9.3467337e-01   3.0859289e-01
   9.4974874e-01   3.0898209e-01
   9.6482412e-01   3.0938298e-01
   9.7989950e-01   3.0978844e-01
   9.9497487e-01   3.1019220e-01
   1.0100503e+00   3.1058879e-01
   1.0251256e+00   3.1097355e-01
   1.0402010e+00   3.1134258e-01
   1.0552764e+00   3.1169268e-01
   1.0703518e+00   3.1202135e-01
   1.0854271e+00   3.1232667e-01
   1.1005025e+00   3.1260732e-01
   1.1155779e+00   3.1286249e-01
   1.1306533e+00   3.1309182e-01
   1.1457286e+00   3.1329538e-01
   1.1608040e+00   3.1347357e-01
   1.1758794e+00   3.1362710e-01
   1.1909548e+00   3.1375695e-01
   1.2060302e+00   3.1386430e-01
   1.2211055e+00   3.1395050e-01
   1.2361809e+00   3.1401701e-01
   1.2512563e+00   3.1406541e-01
   1.2663317e+00   3.1409730e-01
   1.2814070e+00   3.1411434e-01
   1.2964824e+00   3.1411818e-01
   1.3115578e+00   3.1411042e-01
   1.3266332e+00   3.1409266e-01
   1.3417085e+00   3.1406642e-01
   1.3567839e+00   3.1403313e-01
   1.3718593e+00   3.1399416e-01
   1.3869347e+00   3.1395078e-01
   1.4020101e+00   3.1390415e-01
   1.4170854e+00   3.1385535e-01
   1.4321608e+00   3.1380534e-01
   1.4472362e+00   3.1375497e-01
   1.4623116e+00   3.1370500e-01
   1.4773869e+00   3.1365607e-01
   1.4924623e+00   3.1360875e-01
   1.5075377e+00   3.1356349e-01
   1.5226131e+00   3.1352067e-01
   1.5376884e+00   3.1348058e-01
   1.5527638e+00   3.1344344e-01
   1.5678392e+00   3.1340939e-01
   1.5829146e+00   3.1337852e-01
   1.5979899e+00   3.1335087e-01
   1.6130653e+00   3.1332641e-01
   1.6281407e+00   3.1330507e-01
   1.6432161e+00   3.1328678e-01
   1.6582915e+00   3.1327138e-01
   1.6733668e+00   3.1325874e-01
   1.6884422e+00   3.1324869e-01
   1.7035176e+00   3.1324102e-01
   1.7185930e+00   3.1323556e-01
   1.7336683e+00   3.1323209e-01
   1.7487437e+00   3.1323041e-01
   1.7638191e+00   3.1323033e-01
   1.7788945e+00   3.1323163e-01
   1.7939698e+00   3.1323412e-01
   1.8090452e+00   3.1323762e-01
   1.8241206e+00   3.1324195e-01
   1.8391960e+00   3.1324695e-01
   1.8542714e+00   3.1325245e-01
   1.8693467e+00   3.1325832e-01
   1.8844221e+00   3.1326443e-01
   1.8994975e+00   3.1327066e-01
   1.9145729e+00   3.1327692e-01
   1.9296482e+00   3.1328309e-01
   1.9447236e+00   3.1328913e-01
   1.9597990e+00   3.1329494e-01
   1.9748744e+00   3.1330049e-01
   1.9899497e+00   3.1330572e-01
   2.0050251e+00   3.1331061e-01
   2.0201005e+00   3.1331512e-01
   2.0351759e+00   3.1331925e-01
   2.0502513e+00   3.1332298e-01
   2.0653266e+00   3.1332631e-01
   2.0804020e+00   3.1332925e-01
   2.0954774e+00   3.1333180e-01
   2.1105528e+00   3.1333398e-01
   2.1256281e+00   3.1333580e-01
   2.1407035e+00   3.1333729e-01
   2.1557789e+00   3.1333846e-01
   2.1708543e+00   3.1333934e-01
   2.1859296e+00   3.1333995e-01
   2.2010050e+00   3.1334032e-01
   2.2160804e+00   3.1334047e-01
   2.2311558e+00   3.1334044e-01
   2.2462312e+00   3.1334024e-01
   2.2613065e+00   3.1333989e-01
   2.2763819e+00   3.1333943e-01
   2.2914573e+00   3.1333887e-01
   2.3065327e+00   3.1333823e-01
   2.3216080e+00   3.1333753e-01
   2.3366834e+00   3.1333679e-01
   2.3517588e+00   3.1333603e-01
   2.3668342e+00   3.1333526e-01
   2.3819095e+00   3.1333448e-01
   2.3969849e+00   3.1333372e-01
   2.4120603e+00   3.1333297e-01
   2.4271357e+00   3.1333226e-01
   2.4422111e+00   3.1333158e-01
   2.4572864e+00   3.1333094e-01
   2.4723618e+00   3.1333035e-01
   2.4874372e+00   3.1332980e-01
   2.5025126e+00   3.1332930e-01
   2.5175879e+00   3.1332885e-01
   2.5326633e+00   3.1332845e-01
   2.5477387e+00   3.1332809e-01
   2.5628141e+00   3.1332779e-01
   2.5778894e+00   3.1332753e-01
   2.5929648e+00   3.1332731e-01
   2.6080402e+00   3.1332714e-01
   2.6231156e+00   3.1332700e-01
   2.6381910e+00   3.1332690e-01
   2.6532663e+00   3.1332684e-01
   2.6683417e+00   3.1332680e-01
   2.6834171e+00   3.1332678e-01
   2.6984925e+00   3.1332679e-01
   2.7135678e+00   3.1332682e-01
   2.7286432e+00   3.1332687e-01
   2.7437186e+00   3.1332693e-01
   2.7587940e+00   3.1332700e-01
   2.7738693e+00   3.1332709e-01
   2.7889447e+00   3.1332717e-01
   2.8040201e+00   3.1332727e-01
   2.8190955e+00   3.1332736e-01
   2.8341709e+00   3.1332746e-01
   2.8492462e+00   3.1332755e-01
   2.8643216e+00   3.1332765e-01
   2.8793970e+00   3.1332774e-01
   2.8944724e+00   3.1332783e-01
   2.9095477e+00   3.1332791e-01
   2.9246231e+00   3.1332799e-01
   2.9396985e+00   3.1332806e-01
   2.9547739e+00   3.1332813e-01
   2.9698492e+00   3.1332819e-01
   2.9849246e+00   3.1332824e-01
   3.0000000e+00   3.1332829e-01
