   0.0000000e+00   0.0000000e+00   0.0000000e+00   0.0000000e+00
   1.5075377e-02   2.7806496e-02   2.8013915e-02   6.5399156e-02
   3.0150754e-02   5.6961187e-02   5.7805240e-02   1.3746451e-01
   4.5226131e-02   8.6847891e-02   8.8770939e-02   2.1454753e-01
   6.0301508e-02   1.1691992e-01   1.2036716e-01   2.9505437e-01
   7.5376884e-02   1.4669892e-01   1.5210925e-01   3.7746707e-01
   9.0452261e-02   1.7577295e-01   1.8357102e-01   4.6036179e-01
   1.0552764e-01   2.0379387e-01   2.1438333e-01   5.4242412e-01
   1.2060302e-01   2.3047418e-01   2.4423204e-01   6.2246142e-01
   1.3567839e-01   2.5558336e-01   2.7285559e-01   6.9941221e-01
   1.5075377e-01   2.7894396e-01   3.0004205e-01   7.7235262e-01
   1.6582915e-01   3.0042738e-01   3.2562591e-01   8.4050013e-01
   1.8090452e-01   3.1994943e-01   3.4948469e-01   9.0321468e-01
   1.9597990e-01   3.3746596e-01   3.7153525e-01   9.5999734e-01
   2.1105528e-01   3.5296831e-01   3.9173014e-01   1.0104868e+00
   2.2613065e-01   3.6647898e-01   4.1005385e-01   1.0544538e+00
   2.4120603e-01   3.7804722e-01   4.2651905e-01   1.0917942e+00
   2.5628141e-01   3.8774500e-01   4.4116296e-01   1.1225199e+00
   2.7135678e-01   3.9566297e-01   4.5404383e-01   1.1467493e+00
   2.8643216e-01   4.0190678e-01   4.6523747e-01   1.1646962e+00
   3.0150754e-01   4.0659362e-01   4.7483407e-01   1.1766587e+00
   3.1658291e-01   4.0984898e-01   4.8293516e-01   1.1830071e+00
   3.3165829e-01   4.1180379e-01   4.8965076e-01   1.1841714e+00
   3.4673367e-01   4.1259176e-01   4.9509683e-01   1.1806299e+00
   3.6180905e-01   4.1234708e-01   4.9939287e-01   1.1728968e+00
   3.7688442e-01   4.1120234e-01   5.0265984e-01   1.1615108e+00
   3.9195980e-01   4.0928679e-01   5.0501823e-01   1.1470241e+00
   4.0703518e-01   4.0672484e-01   5.0658647e-01   1.1299926e+00
   4.2211055e-01   4.0363487e-01   5.0747950e-01   1.1109655e+00
   4.3718593e-01   4.0012818e-01   5.0780754e-01   1.0904778e+00
   4.5226131e-01   3.9630828e-01   5.0767519e-01   1.0690420e+00
   4.6733668e-01   3.9227033e-01   5.0718056e-01   1.0471415e+00
   4.8241206e-01   3.8810078e-01   5.0641473e-01   1.0252254e+00
   4.9748744e-01   3.8387719e-01   5.0546134e-01   1.0037037e+00
   5.1256281e-01   3.7966822e-01   5.0439627e-01   9.8294400e-01
   5.2763819e-01   3.7553372e-01   5.0328754e-01   9.6326859e-01
   5.4271357e-01   3.7152495e-01   5.0219534e-01   9.4495333e-01
   5.5778894e-01   3.6768491e-01   5.0117209e-01   9.2822680e-01
   5.7286432e-01   3.6404874e-01   5.0026269e-01   9.1327052e-01
   5.8793970e-01   3.6064420e-01   4.9950476e-01   9.0021991e-01
   6.0301508e-01   3.5749217e-01   4.9892905e-01   8.8916595e-01
   6.1809045e-01   3.5460721e-01   4.9855980e-01   8.8015742e-01
   6.3316583e-01   3.5199814e-01   4.9841520e-01   8.7320365e-01
   6.4824121e-01   3.4966864e-01   4.9850791e-01   8.6827771e-01
   6.6331658e-01   3.4761782e-01   4.9884548e-01   8.6531998e-01
   6.7839196e-01   3.4584080e-01   4.9943095e-01   8.6424182e-01
   6.9346734e-01   3.4432934e-01   5.0026328e-01   8.6492962e-01
   7.0854271e-01   3.4307228e-01   5.0133791e-01   8.6724876e-01
   7.2361809e-01   3.4205618e-01   5.0264724e-01   8.7104766e-01
   7.3869347e-01   3.4126573e-01   5.0418110e-01   8.7616176e-01
   7.5376884e-01   3.4068421e-01   5.0592720e-01   8.8241742e-01
   7.6884422e-01   3.4029397e-01   5.0787159e-01   8.8963554e-01
   7.8391960e-01   3.4007673e-01   5.0999901e-01   8.9763511e-01
   7.9899497e-01   3.4001399e-01   5.1229332e-01   9.0623637e-01
   8.1407035e-01   3.4008729e-01   5.1473777e-01   9.1526378e-01
   8.2914573e-01   3.4027850e-01   5.1731538e-01   9.2454856e-01
   8.4422111e-01   3.4057002e-01   5.2000916e-01   9.3393104e-01
   8.5929648e-01   3.4094499e-01   5.2280233e-01   9.4326255e-01
   8.7437186e-01   3.4138744e-01   5.2567862e-01   9.5240703e-01
   8.8944724e-01   3.4188242e-01   5.2862232e-01   9.6124225e-01
   9.0452261e-01   3.4241607e-01   5.3161854e-01   9.6966074e-01
   9.1959799e-01   3.4297572e-01   5.3465323e-01   9.7757035e-01
   9.3467337e-01   3.4354988e-01   5.3771336e-01   9.8489457e-01
   9.4974874e-01   3.4412832e-01   5.4078690e-01   9.9157248e-01
   9.6482412e-01   3.4470200e-01   5.4386292e-01   9.9755854e-01
   9.7989950e-01   3.4526310e-01   5.4693159e-01   1.0028220e+00
   9.9497487e-01   3.4580497e-01   5.4998422e-01   1.0073463e+00
   1.0100503e+00   3.4632206e-01   5.5301316e-01   1.0111282e+00
   1.0251256e+00   3.4680989e-01   5.5601190e-01   1.0141765e+00
   1.0402010e+00   3.4726497e-01   5.5897490e-01   1.0165111e+00
   1.0552764e+00   3.4768473e-01   5.6189766e-01   1.0181620e+00
   1.0703518e+00   3.4806743e-01   5.6477658e-01   1.0191675e+00
   1.0854271e+00   3.4841211e-01   5.6760894e-01   1.0195731e+00
   1.1005025e+00   3.4871848e-01   5.7039283e-01   1.0194302e+00
   1.1155779e+00   3.4898684e-01   5.7312707e-01   1.0187946e+00
   1.1306533e+00   3.4921802e-01   5.7581112e-01   1.0177256e+00
   1.1457286e+00   3.4941329e-01   5.7844507e-01   1.0162843e+00
   1.1608040e+00   3.4957429e-01   5.8102951e-01   1.0145326e+00
   1.1758794e+00   3.4970295e-01   5.8356546e-01   1.0125322e+00
   1.1909548e+00   3.4980143e-01   5.8605434e-01   1.0103434e+00
   1.2060302e+00   3.4987209e-01   5.8849789e-01   1.0080245e+00
   1.2211055e+00   3.4991736e-01   5.9089808e-01   1.0056308e+00
   1.2361809e+00   3.4993977e-01   5.9325711e-01   1.0032140e+00
   1.2512563e+00   3.4994186e-01   5.9557729e-01   1.0008216e+00
   1.2663317e+00   3.4992614e-01   5.9786104e-01   9.9849656e-01
   1.2814070e+00   3.4989507e-01   6.0011083e-01   9.9627687e-01
   1.2964824e+00   3.4985105e-01   6.0232913e-01   9.9419547e-01
   1.3115578e+00   3.4979633e-01   6.0451840e-01   9.9227998e-01
   1.3266332e+00   3.4973306e-01   6.0668103e-01   9.9055282e-01
   1.3417085e+00   3.4966325e-01   6.0881933e-01   9.8903119e-01
   1.3567839e+00   3.4958873e-01   6.1093551e-01   9.8772726e-01
   1.3718593e+00   3.4951119e-01   6.1303167e-01   9.8664841e-01
   1.3869347e+00   3.4943216e-01   6.1510976e-01   9.8579747e-01
   1.4020101e+00   3.4935296e-01   6.1717159e-01   9.8517312e-01
   1.4170854e+00   3.4927480e-01   6.1921882e-01   9.8477019e-01
   1.4321608e+00   3.4919868e-01   6.2125296e-01   9.8458015e-01
   1.4472362e+00   3.4912547e-01   6.2327535e-01   9.8459146e-01
   1.4623116e+00   3.4905587e-01   6.2528720e-01   9.8479010e-01
   1.4773869e+00   3.4899046e-01   6.2728952e-01   9.8515994e-01
   1.4924623e+00   3.4892967e-01   6.2928323e-01   9.8568326e-01
   1.5075377e+00   3.4887381e-01   6.3126907e-01   9.8634112e-01
   1.5226131e+00   3.4882308e-01   6.3324765e-01   9.8711382e-01
   1.5376884e+00   3.4877759e-01   6.3521946e-01   9.8798130e-01
   1.5527638e+00   3.4873734e-01   6.3718489e-01   9.8892346e-01
   1.5678392e+00   3.4870227e-01   6.3914419e-01   9.8992058e-01
   1.5829146e+00   3.4867225e-01   6.4109755e-01   9.9095355e-01
   1.5979899e+00   3.4864708e-01   6.4304504e-01   9.9200418e-01
   1.6130653e+00   3.4862652e-01   6.4498667e-01   9.9305542e-01
   1.6281407e+00   3.4861030e-01   6.4692239e-01   9.9409156e-01
   1.6432161e+00   3.4859811e-01   6.4885209e-01   9.9509835e-01
   1.6582915e+00   3.4858962e-01   6.5077559e-01   9.9606317e-01
   1.6733668e+00   3.4858449e-01   6.5269271e-01   9.9697508e-01
   1.6884422e+00   3.4858239e-01   6.5460320e-01   9.9782486e-01
   1.7035176e+00   3.4858295e-01   6.5650683e-01   9.9860502e-01
   1.7185930e+00   3.4858584e-01   6.5840332e-01   9.9930982e-01
   1.7336683e+00   3.4859073e-01   6.6029239e-01   9.9993518e-01
   1.7487437e+00   3.4859728e-01   6.6217376e-01   1.0004786e+00
   1.7638191e+00   3.4860521e-01   6.6404715e-01   1.0009392e+00
   1.7788945e+00   3.4861420e-01   6.6591230e-01   1.0013173e+00
   1.7939698e+00   3.4862401e-01   6.6776894e-01   1.0016148e+00
   1.8090452e+00   3.4863439e-01   6.6961681e-01   1.0018345e+00
   1.8241206e+00   3.4864511e-01   6.7145570e-01   1.0019804e+00
   1.8391960e+00   3.4865596e-01   6.7328537e-01   1.0020571e+00
   1.8542714e+00   3.4866679e-01   6.7510564e-01   1.0020701e+00
   1.8693467e+00   3.4867742e-01   6.7691633e-01   1.0020256e+00
   1.8844221e+00   3.4868773e-01   6.7871729e-01   1.0019299e+00
   1.8994975e+00   3.4869761e-01   6.8050839e-01   1.0017898e+00
   1.9145729e+00   3.4870697e-01   6.8228951e-01   1.0016121e+00
   1.9296482e+00   3.4871573e-01   6.8406057e-01   1.0014038e+00
   1.9447236e+00   3.4872384e-01   6.8582150e-01   1.0011717e+00
   1.9597990e+00   3.4873126e-01   6.8757226e-01   1.0009223e+00
   1.9748744e+00   3.4873797e-01   6.8931280e-01   1.0006619e+00
   1.9899497e+00   3.4874397e-01   6.9104313e-01   1.0003966e+00
   2.0050251e+00   3.4874925e-01   6.9276324e-01   1.0001316e+00
   2.0201005e+00   3.4875382e-01   6.9447315e-01   9.9987219e-01
   2.0351759e+00   3.4875771e-01   6.9617290e-01   9.9962267e-01
   2.0502513e+00   3.4876095e-01   6.9786254e-01   9.9938697e-01
   2.0653266e+00   3.4876356e-01   6.9954212e-01   9.9916843e-01
   2.0804020e+00   3.4876560e-01   7.0121170e-01   9.9896978e-01
   2.0954774e+00   3.4876709e-01   7.0287136e-01   9.9879317e-01
   2.1105528e+00   3.4876810e-01   7.0452119e-01   9.9864020e-01
   2.1256281e+00   3.4876866e-01   7.0616126e-01   9.9851190e-01
   2.1407035e+00   3.4876882e-01   7.0779166e-01   9.9840879e-01
   2.1557789e+00   3.4876863e-01   7.0941250e-01   9.9833093e-01
   2.1708543e+00   3.4876814e-01   7.1102386e-01   9.9827790e-01
   2.1859296e+00   3.4876739e-01   7.1262585e-01   9.9824891e-01
   2.2010050e+00   3.4876642e-01   7.1421855e-01   9.9824282e-01
   2.2160804e+00   3.4876528e-01   7.1580207e-01   9.9825817e-01
   2.2311558e+00   3.4876401e-01   7.1737651e-01   9.9829326e-01
   2.2462312e+00   3.4876263e-01   7.1894195e-01   9.9834619e-01
   2.2613065e+00   3.4876119e-01   7.2049849e-01   9.9841491e-01
   2.2763819e+00   3.4875972e-01   7.2204621e-01   9.9849726e-01
   2.2914573e+00   3.4875823e-01   7.2358521e-01   9.9859102e-01
   2.3065327e+00   3.4875675e-01   7.2511557e-01   9.9869395e-01
   2.3216080e+00   3.4875531e-01   7.2663737e-01   9.9880384e-01
   2.3366834e+00   3.4875391e-01   7.2815069e-01   9.9891854e-01
   2.3517588e+00   3.4875258e-01   7.2965560e-01   9.9903597e-01
   2.3668342e+00   3.4875132e-01   7.3115216e-01   9.9915419e-01
   2.3819095e+00   3.4875015e-01   7.3264046e-01   9.9927139e-01
   2.3969849e+00   3.4874907e-01   7.3412055e-01   9.9938591e-01
   2.4120603e+00   3.4874809e-01   7.3559249e-01   9.9949628e-01
   2.4271357e+00   3.4874720e-01   7.3705634e-01   9.9960121e-01
   2.4422111e+00   3.4874641e-01   7.3851216e-01   9.9969958e-01
   2.4572864e+00   3.4874572e-01   7.3996000e-01   9.9979050e-01
   2.4723618e+00   3.4874512e-01   7.4139991e-01   9.9987323e-01
   2.4874372e+00   3.4874462e-01   7.4283193e-01   9.9994726e-01
   2.5025126e+00   3.4874421e-01   7.4425612e-01   1.0000122e+00
   2.5175879e+00   3.4874387e-01   7.4567252e-01   1.0000680e+00
   2.5326633e+00   3.4874362e-01   7.4708116e-01   1.0001145e+00
   2.5477387e+00   3.4874344e-01   7.4848209e-01   1.0001519e+00
   2.5628141e+00   3.4874332e-01   7.4987535e-01   1.0001805e+00
   2.5778894e+00   3.4874326e-01   7.5126098e-01   1.0002007e+00
   2.5929648e+00   3.4874326e-01   7.5263901e-01   1.0002129e+00
   2.6080402e+00   3.4874330e-01   7.5400948e-01   1.0002177e+00
   2.6231156e+00   3.4874338e-01   7.5537243e-01   1.0002159e+00
   2.6381910e+00   3.4874349e-01   7.5672789e-01   1.0002080e+00
   2.6532663e+00   3.4874363e-01   7.5807590e-01   1.0001948e+00
   2.6683417e+00   3.4874380e-01   7.5941649e-01   1.0001771e+00
   2.6834171e+00   3.4874398e-01   7.6074970e-01   1.0001557e+00
   2.6984925e+00   3.4874417e-01   7.6207555e-01   1.0001313e+00
   2.7135678e+00   3.4874437e-01   7.6339410e-01   1.0001047e+00
   2.7286432e+00   3.4874457e-01   7.6470537e-01   1.0000766e+00
   2.7437186e+00   3.4874477e-01   7.6600939e-01   1.0000476e+00
   2.7587940e+00   3.4874498e-01   7.6730621e-01   1.0000184e+00
   2.7738693e+00   3.4874517e-01   7.6859585e-01   9.9998953e-01
   2.7889447e+00   3.4874536e-01   7.6987835e-01   9.9996159e-01
   2.8040201e+00   3.4874554e-01   7.7115375e-01   9.9993501e-01
   2.8190955e+00   3.4874571e-01   7.7242209e-01   9.9991017e-01
   2.8341709e+00   3.4874586e-01   7.7368339e-01   9.9988742e-01
   2.8492462e+00   3.4874601e-01   7.7493770e-01   9.9986702e-01
   2.8643216e+00   3.4874614e-01   7.7618505e-01   9.9984917e-01
   2.8793970e+00   3.4874626e-01   7.7742549e-01   9.9983401e-01
   2.8944724e+00   3.4874636e-01   7.7865903e-01   9.9982162e-01
   2.9095477e+00   3.4874645e-01   7.7988573e-01   9.9981204e-01
   2.9246231e+00   3.4874653e-01   7.8110562e-01   9.9980524e-01
   2.9396985e+00   3.4874659e-01   7.8231874e-01   9.9980114e-01
   2.9547739e+00   3.4874665e-01   7.8352511e-01   9.9979964e-01
   2.9698492e+00   3.4874669e-01   7.8472480e-01   9.9980058e-01
   2.9849246e+00   3.4874672e-01   7.8591781e-01   9.9980380e-01
   3.0000000e+00   3.4874674e-01   7.8710421e-01   9.9980908e-01
