  -4.0000000e+00   0.0000000e+00  -3.0000000e+00   0.0000000e+00  -2.0000000e+00   0.0000000e+00   0.0000000e+00
  -4.1156604e+00   0.0000000e+00  -2.7000000e+00   0.0000000e+00  -2.1843396e+00   0.0000000e+00   2.7300000e-01
  -4.1347410e+00   0.0000000e+00  -2.6177567e+00   0.0000000e+00  -2.2475023e+00   0.0000000e+00   3.2639376e-01
  -4.1545722e+00   0.0000000e+00  -2.4376217e+00   0.0000000e+00  -2.4078061e+00   0.0000000e+00   3.8451528e-01
  -4.1547005e+00   0.0000000e+00  -2.4226498e+00   0.0000000e+00  -2.4226496e+00   0.0000000e+00   3.8490018e-01
  -4.1548288e+00   0.0000000e+00  -2.4225856e+00   1.4906430e-02  -2.4225856e+00  -1.4906430e-02   3.8528508e-01
  -4.1564736e+00   0.0000000e+00  -2.4217632e+00   5.5438708e-02  -2.4217632e+00  -5.5438708e-02   3.9023036e-01
  -4.1811066e+00   0.0000000e+00  -2.4094467e+00   2.1508045e-01  -2.4094467e+00  -2.1508045e-01   4.6655222e-01
  -4.2088904e+00   0.0000000e+00  -2.3955548e+00   3.0993858e-01  -2.3955548e+00  -3.0993858e-01   5.5780123e-01
  -4.2400755e+00   0.0000000e+00  -2.3799622e+00   3.9158712e-01  -2.3799622e+00  -3.9158712e-01   6.6689687e-01
  -4.2749117e+00   0.0000000e+00  -2.3625441e+00   4.6802766e-01  -2.3625441e+00  -4.6802766e-01   7.9732959e-01
  -4.3136471e+00   0.0000000e+00  -2.3431765e+00   5.4244955e-01  -2.3431765e+00  -5.4244955e-01   9.5327255e-01
  -4.3565287e+00   0.0000000e+00  -2.3217356e+00   6.1654495e-01  -2.3217356e+00  -6.1654495e-01   1.1397151e+00
  -4.4038036e+00   0.0000000e+00  -2.2980982e+00   6.9137427e-01  -2.2980982e+00  -6.9137427e-01   1.3626223e+00
  -4.4557199e+00   0.0000000e+00  -2.2721400e+00   7.6768510e-01  -2.2721400e+00  -7.6768510e-01   1.6291261e+00
  -4.5125295e+00   0.0000000e+00  -2.2437352e+00   8.4605505e-01  -2.2437352e+00  -8.4605505e-01   1.9477531e+00
  -4.5744896e+00   0.0000000e+00  -2.2127552e+00   9.2696448e-01  -2.2127552e+00  -9.2696448e-01   2.3286977e+00
  -4.6418655e+00   0.0000000e+00  -2.1790672e+00   1.0108372e+00  -2.1790672e+00  -1.0108372e+00   2.7841480e+00
  -4.7149329e+00   0.0000000e+00  -2.1425335e+00   1.0980647e+00  -2.1425335e+00  -1.0980647e+00   3.3286760e+00
  -4.7939803e+00   0.0000000e+00  -2.1030099e+00   1.1890223e+00  -2.1030099e+00  -1.1890223e+00   3.9797037e+00
  -4.8793112e+00   0.0000000e+00  -2.0603444e+00   1.2840787e+00  -2.0603444e+00  -1.2840787e+00   4.7580603e+00
  -4.9712466e+00   0.0000000e+00  -2.0143767e+00   1.3836039e+00  -2.0143767e+00  -1.3836039e+00   5.6886491e+00
  -5.0701266e+00   0.0000000e+00  -1.9649367e+00   1.4879745e+00  -1.9649367e+00  -1.4879745e+00   6.8012440e+00
  -5.1763130e+00   0.0000000e+00  -1.9118435e+00   1.5975775e+00  -1.9118435e+00  -1.5975775e+00   8.1314418e+00
  -5.2901909e+00   0.0000000e+00  -1.8549045e+00   1.7128137e+00  -1.8549045e+00  -1.7128137e+00   9.7218019e+00
  -5.4121707e+00   0.0000000e+00  -1.7939147e+00   1.8341007e+00  -1.7939147e+00  -1.8341007e+00   1.1623207e+01
  -5.5426899e+00   0.0000000e+00  -1.7286550e+00   1.9618751e+00  -1.7286550e+00  -1.9618751e+00   1.3896492e+01
  -5.6822153e+00   0.0000000e+00  -1.6588924e+00   2.0965946e+00  -1.6588924e+00  -2.0965946e+00   1.6614389e+01
  -5.8312445e+00   0.0000000e+00  -1.5843777e+00   2.2387405e+00  -1.5843777e+00  -2.2387405e+00   1.9863857e+01
  -5.9903084e+00   0.0000000e+00  -1.5048458e+00   2.3888194e+00  -1.5048458e+00  -2.3888194e+00   2.3748862e+01
  -6.1599725e+00   0.0000000e+00  -1.4200137e+00   2.5473653e+00  -1.4200137e+00  -2.5473653e+00   2.8393701e+01
  -6.3408401e+00   0.0000000e+00  -1.3295800e+00   2.7149418e+00  -1.3295800e+00  -2.7149418e+00   3.3946985e+01
  -6.5335533e+00   0.0000000e+00  -1.2332234e+00   2.8921444e+00  -1.2332234e+00  -2.8921444e+00   4.0586389e+01
  -6.7387964e+00   0.0000000e+00  -1.1306018e+00   3.0796021e+00  -1.1306018e+00  -3.0796021e+00   4.8524338e+01
  -6.9572979e+00   0.0000000e+00  -1.0213511e+00   3.2779803e+00  -1.0213511e+00  -3.2779803e+00   5.8014803e+01
  -7.1898330e+00   0.0000000e+00  -9.0508352e-01   3.4879830e+00  -9.0508352e-01  -3.4879830e+00   6.9361429e+01
  -7.4372267e+00   0.0000000e+00  -7.8138665e-01   3.7103552e+00  -7.8138665e-01  -3.7103552e+00   8.2927245e+01
  -7.7003567e+00   0.0000000e+00  -6.4982164e-01   3.9458858e+00  -6.4982164e-01  -3.9458858e+00   9.9146284e+01
  -7.9801564e+00   0.0000000e+00  -5.0992182e-01   4.1954103e+00  -5.0992182e-01  -4.1954103e+00   1.1853747e+02
  -8.2776181e+00   0.0000000e+00  -3.6119096e-01   4.4598138e+00  -3.6119096e-01  -4.4598138e+00   1.4172121e+02
  -8.5937969e+00   0.0000000e+00  -2.0310153e-01   4.7400341e+00  -2.0310153e-01  -4.7400341e+00   1.6943927e+02
  -8.9298144e+00   0.0000000e+00  -3.5092813e-02   5.0370650e+00  -3.5092813e-02  -5.0370650e+00   2.0257846e+02
  -9.2868621e+00   0.0000000e+00   1.4343106e-01   5.3519601e+00   1.4343106e-01  -5.3519601e+00   2.4219907e+02
  -9.6662065e+00   0.0000000e+00   3.3310326e-01   5.6858361e+00   3.3310326e-01  -5.6858361e+00   2.8956874e+02
  -1.0069193e+01   0.0000000e+00   5.3459649e-01   6.0398772e+00   5.3459649e-01  -6.0398772e+00   3.4620305e+02
  -1.0497251e+01   0.0000000e+00   7.4862535e-01   6.4153391e+00   7.4862535e-01  -6.4153391e+00   4.1391398e+02
  -1.0951898e+01   0.0000000e+00   9.7594894e-01   6.8135534e+00   9.7594894e-01  -6.8135534e+00   4.9486791e+02
  -1.1434747e+01   0.0000000e+00   1.2173735e+00   7.2359323e+00   1.2173735e+00  -7.2359323e+00   5.9165495e+02
  -1.1947510e+01   0.0000000e+00   1.4737552e+00   7.6839740e+00   1.4737552e+00  -7.6839740e+00   7.0737174e+02
  -1.2492007e+01   0.0000000e+00   1.7460033e+00   8.1592673e+00   1.7460033e+00  -8.1592673e+00   8.4572061e+02
  -1.3070167e+01   0.0000000e+00   2.0350835e+00   8.6634979e+00   2.0350835e+00  -8.6634979e+00   1.0111280e+03
  -1.3684042e+01   0.0000000e+00   2.3420209e+00   9.1984543e+00   2.3420209e+00  -9.1984543e+00   1.2088859e+03
  -1.4335808e+01   0.0000000e+00   2.6679041e+00   9.7660335e+00   2.6679041e+00  -9.7660335e+00   1.4453217e+03
  -1.5027778e+01   0.0000000e+00   3.0138889e+00   1.0368249e+01   3.0138889e+00  -1.0368249e+01   1.7280000e+03
  -3.0355666e+02   0.0000000e+00   1.4727833e+02   2.6028779e+02   1.4727833e+02  -2.6028779e+02   2.7150278e+07
             Inf   0.0000000e+00             Inf   0.0000000e+00             Inf   0.0000000e+00             Inf
