  -4.0205204e-01   0.0000000e+00   0.0000000e+00
  -4.4225724e-01   0.0000000e+00   1.2743168e-04
  -4.4514711e-01   0.0000000e+00   1.3659121e-04
  -4.4824469e-01   0.0000000e+00   1.4640910e-04
  -4.5156493e-01   0.0000000e+00   1.5693268e-04
  -4.5512381e-01   0.0000000e+00   1.6821268e-04
  -4.5893850e-01   0.0000000e+00   1.8030346e-04
  -4.6302738e-01   0.0000000e+00   1.9326330e-04
  -4.6741016e-01   0.0000000e+00   2.0715467e-04
  -4.7210797e-01   0.0000000e+00   2.2204452e-04
  -4.7714345e-01   0.0000000e+00   2.3800462e-04
  -4.8254086e-01   0.0000000e+00   2.5511191e-04
  -4.8832623e-01   0.0000000e+00   2.7344882e-04
  -4.9452745e-01   0.0000000e+00   2.9310376e-04
  -5.0117439e-01   0.0000000e+00   3.1417145e-04
  -5.0829910e-01   0.0000000e+00   3.3675345e-04
  -5.1593592e-01   0.0000000e+00   3.6095859e-04
  -5.2412165e-01   0.0000000e+00   3.8690355e-04
  -5.3289577e-01   0.0000000e+00   4.1471338e-04
  -5.4230054e-01   0.0000000e+00   4.4452212e-04
  -5.5238132e-01   0.0000000e+00   4.7647346e-04
  -5.6318667e-01   0.0000000e+00   5.1072139e-04
  -5.7476870e-01   0.0000000e+00   5.4743099e-04
  -5.8718322e-01   0.0000000e+00   5.8677919e-04
  -6.0049006e-01   0.0000000e+00   6.2895567e-04
  -6.1475338e-01   0.0000000e+00   6.7416371e-04
  -6.3004191e-01   0.0000000e+00   7.2262121e-04
  -6.4642936e-01   0.0000000e+00   7.7456173e-04
  -6.6399469e-01   0.0000000e+00   8.3023563e-04
  -6.8282259e-01   0.0000000e+00   8.8991125e-04
  -7.0300380e-01   0.0000000e+00   9.5387624e-04
  -7.2463559e-01   0.0000000e+00   1.0224389e-03
  -7.4782223e-01   0.0000000e+00   1.0959297e-03
  -7.7267548e-01   0.0000000e+00   1.1747029e-03
  -7.9931513e-01   0.0000000e+00   1.2591381e-03
  -8.2786958e-01   0.0000000e+00   1.3496423e-03
  -8.5847647e-01   0.0000000e+00   1.4466518e-03
  -8.9128331e-01   0.0000000e+00   1.5506342e-03
  -9.2644825e-01   0.0000000e+00   1.6620906e-03
  -9.6414076e-01   0.0000000e+00   1.7815582e-03
  -1.0045425e+00   0.0000000e+00   1.9096129e-03
  -1.0478483e+00   0.0000000e+00   2.0468720e-03
  -1.0942668e+00   0.0000000e+00   2.1939969e-03
  -1.1440218e+00   0.0000000e+00   2.3516969e-03
  -1.1973530e+00   0.0000000e+00   2.5207320e-03
  -1.2545176e+00   0.0000000e+00   2.7019170e-03
  -1.3157911e+00   0.0000000e+00   2.8961252e-03
  -1.3814688e+00   0.0000000e+00   3.1042927e-03
  -1.4518672e+00   0.0000000e+00   3.3274229e-03
  -1.5273258e+00   0.0000000e+00   3.5665912e-03
  -1.6082082e+00   0.0000000e+00   3.8229504e-03
  -3.2566215e+01   0.0000000e+00   1.0194534e-01
             Inf   0.0000000e+00             Inf
