   0.0000000e+00   0.0000000e+00  -1.1867485e+00   0.0000000e+00   0.0000000e+00
  -9.6932194e-02   0.0000000e+00  -1.2067935e+00   0.0000000e+00   6.2963311e-03
  -1.0379386e-01   0.0000000e+00  -1.2083768e+00   0.0000000e+00   6.7508832e-03
  -1.1112893e-01   0.0000000e+00  -1.2100963e+00   0.0000000e+00   7.2382510e-03
  -1.1896790e-01   0.0000000e+00  -1.2119657e+00   0.0000000e+00   7.7608033e-03
  -1.2734283e-01   0.0000000e+00  -1.2139999e+00   0.0000000e+00   8.3210804e-03
  -1.3628733e-01   0.0000000e+00  -1.2162161e+00   0.0000000e+00   8.9218056e-03
  -1.4583649e-01   0.0000000e+00  -1.2186333e+00   0.0000000e+00   9.5658991e-03
  -1.5602690e-01   0.0000000e+00  -1.2212731e+00   0.0000000e+00   1.0256492e-02
  -1.6689646e-01   0.0000000e+00  -1.2241601e+00   0.0000000e+00   1.0996941e-02
  -1.7848424e-01   0.0000000e+00  -1.2273219e+00   0.0000000e+00   1.1790845e-02
  -1.9083030e-01   0.0000000e+00  -1.2307903e+00   0.0000000e+00   1.2642063e-02
  -2.0397534e-01   0.0000000e+00  -1.2346015e+00   0.0000000e+00   1.3554734e-02
  -2.1796031e-01   0.0000000e+00  -1.2387968e+00   0.0000000e+00   1.4533293e-02
  -2.3282590e-01   0.0000000e+00  -1.2434239e+00   0.0000000e+00   1.5582498e-02
  -2.4861183e-01   0.0000000e+00  -1.2485380e+00   0.0000000e+00   1.6707448e-02
  -2.6535596e-01   0.0000000e+00  -1.2542028e+00   0.0000000e+00   1.7913612e-02
  -2.8309325e-01   0.0000000e+00  -1.2604921e+00   0.0000000e+00   1.9206852e-02
  -3.0185431e-01   0.0000000e+00  -1.2674922e+00   0.0000000e+00   2.0593456e-02
  -3.2166371e-01   0.0000000e+00  -1.2753038e+00   0.0000000e+00   2.2080163e-02
  -3.4253792e-01   0.0000000e+00  -1.2840446e+00   0.0000000e+00   2.3674200e-02
  -3.6448271e-01   0.0000000e+00  -1.2938528e+00   0.0000000e+00   2.5383316e-02
  -3.8749018e-01   0.0000000e+00  -1.3048907e+00   0.0000000e+00   2.7215818e-02
  -4.1153532e-01   0.0000000e+00  -1.3173488e+00   0.0000000e+00   2.9180615e-02
  -4.3657199e-01   0.0000000e+00  -1.3314506e+00   0.0000000e+00   3.1287256e-02
  -4.6252882e-01   0.0000000e+00  -1.3474578e+00   0.0000000e+00   3.3545983e-02
  -4.8930491e-01   0.0000000e+00  -1.3656752e+00   0.0000000e+00   3.5967774e-02
  -5.1676610e-01   0.0000000e+00  -1.3864558e+00   0.0000000e+00   3.8564402e-02
  -5.4474233e-01   0.0000000e+00  -1.4102041e+00   0.0000000e+00   4.1348488e-02
  -5.7302707e-01   0.0000000e+00  -1.4373780e+00   0.0000000e+00   4.4333567e-02
  -6.0137989e-01   0.0000000e+00  -1.4684875e+00   0.0000000e+00   4.7534148e-02
  -6.2953300e-01   0.0000000e+00  -1.5040896e+00   0.0000000e+00   5.0965790e-02
  -6.5720246e-01   0.0000000e+00  -1.5447780e+00   0.0000000e+00   5.4645172e-02
  -6.8410339e-01   0.0000000e+00  -1.5911698e+00   0.0000000e+00   5.8590181e-02
  -7.0996795e-01   0.0000000e+00  -1.6438893e+00   0.0000000e+00   6.2819992e-02
  -7.3456308e-01   0.0000000e+00  -1.7035515e+00   0.0000000e+00   6.7355167e-02
  -7.5770524e-01   0.0000000e+00  -1.7707494e+00   0.0000000e+00   7.2217751e-02
  -7.7926938e-01   0.0000000e+00  -1.8460473e+00   0.0000000e+00   7.7431380e-02
  -7.9919092e-01   0.0000000e+00  -1.9299806e+00   0.0000000e+00   8.3021397e-02
  -8.1746128e-01   0.0000000e+00  -2.0230627e+00   0.0000000e+00   8.9014976e-02
  -8.3411874e-01   0.0000000e+00  -2.1257965e+00   0.0000000e+00   9.5441250e-02
  -8.4923692e-01   0.0000000e+00  -2.2386889e+00   0.0000000e+00   1.0233146e-01
  -8.6291317e-01   0.0000000e+00  -2.3622646e+00   0.0000000e+00   1.0971909e-01
  -8.7525816e-01   0.0000000e+00  -2.4970803e+00   0.0000000e+00   1.1764006e-01
  -8.8638771e-01   0.0000000e+00  -2.6437355e+00   0.0000000e+00   1.2613287e-01
  -8.9641667e-01   0.0000000e+00  -2.8028822e+00   0.0000000e+00   1.3523880e-01
  -9.0545492e-01   0.0000000e+00  -2.9752329e+00   0.0000000e+00   1.4500212e-01
  -9.1360501e-01   0.0000000e+00  -3.1615669e+00   0.0000000e+00   1.5547029e-01
  -9.2096087e-01   0.0000000e+00  -3.3627355e+00   0.0000000e+00   1.6669418e-01
  -9.2760751e-01   0.0000000e+00  -3.5796673e+00   0.0000000e+00   1.7872836e-01
  -9.3362112e-01   0.0000000e+00  -3.8133731e+00   0.0000000e+00   1.9163133e-01
  -9.9752509e-01   0.0000000e+00  -7.6456685e+01   0.0000000e+00   4.1051199e+00
  -1.0000000e+00   0.0000000e+00             Inf   0.0000000e+00             Inf
