   0.0000000e+00   9.2937668e+00
   5.0000000e-03   9.0328184e+00
   1.0000000e-02   8.7243206e+00
   1.5000000e-02   8.3824436e+00
   2.0000000e-02   8.0193859e+00
   2.5000000e-02   7.6455130e+00
   3.0000000e-02   7.2695035e+00
   3.5000000e-02   6.8985000e+00
   4.0000000e-02   6.5382587e+00
   4.5000000e-02   6.1932982e+00
   5.0000000e-02   5.8670425e+00
   5.5000000e-02   5.5619583e+00
   6.0000000e-02   5.2796845e+00
   6.5000000e-02   5.0211526e+00
   7.0000000e-02   4.7866987e+00
   7.5000000e-02   4.5761654e+00
   8.0000000e-02   4.3889941e+00
   8.5000000e-02   4.2243079e+00
   9.0000000e-02   4.0809851e+00
   9.5000000e-02   3.9577238e+00
   1.0000000e-01   3.8530979e+00
   1.0500000e-01   3.7656053e+00
   1.1000000e-01   3.6937087e+00
   1.1500000e-01   3.6358697e+00
   1.2000000e-01   3.5905764e+00
   1.2500000e-01   3.5563659e+00
   1.3000000e-01   3.5318417e+00
   1.3500000e-01   3.5156867e+00
   1.4000000e-01   3.5066724e+00
   1.4500000e-01   3.5036649e+00
   1.5000000e-01   3.5056284e+00
   1.5500000e-01   3.5116255e+00
   1.6000000e-01   3.5208166e+00
   1.6500000e-01   3.5324569e+00
   1.7000000e-01   3.5458929e+00
   1.7500000e-01   3.5605574e+00
   1.8000000e-01   3.5759641e+00
   1.8500000e-01   3.5917015e+00
   1.9000000e-01   3.6074269e+00
   1.9500000e-01   3.6228599e+00
   2.0000000e-01   3.6377764e+00
   2.0500000e-01   3.6520022e+00
   2.1000000e-01   3.6654070e+00
   2.1500000e-01   3.6778990e+00
   2.2000000e-01   3.6894194e+00
   2.2500000e-01   3.6999377e+00
   2.3000000e-01   3.7094466e+00
   2.3500000e-01   3.7179585e+00
   2.4000000e-01   3.7255015e+00
   2.4500000e-01   3.7321158e+00
   2.5000000e-01   3.7378511e+00
   2.5500000e-01   3.7427640e+00
   2.6000000e-01   3.7469153e+00
   2.6500000e-01   3.7503688e+00
   2.7000000e-01   3.7531890e+00
   2.7500000e-01   3.7554401e+00
   2.8000000e-01   3.7571851e+00
   2.8500000e-01   3.7584843e+00
   2.9000000e-01   3.7593953e+00
   2.9500000e-01   3.7599723e+00
   3.0000000e-01   3.7599723e+00
