   0.0000000e+00   3.7601552e+02
   5.0000000e-03   3.3759521e+02
   1.0000000e-02   3.0015396e+02
   1.5000000e-02   2.6418672e+02
   2.0000000e-02   2.3007212e+02
   2.5000000e-02   1.9808683e+02
   3.0000000e-02   1.6841906e+02
   3.5000000e-02   1.4118121e+02
   4.0000000e-02   1.1642165e+02
   4.5000000e-02   9.4135473e+01
   5.0000000e-02   7.4274194e+01
   5.5000000e-02   5.6754587e+01
   6.0000000e-02   4.1466455e+01
   6.5000000e-02   2.8279513e+01
   7.0000000e-02   1.7049372e+01
   7.5000000e-02   7.6226897e+00
   8.0000000e-02  -1.5844709e-01
   8.5000000e-02  -6.4528575e+00
   9.0000000e-02  -1.1417249e+01
   9.5000000e-02  -1.5203786e+01
   1.0000000e-01  -1.7958180e+01
   1.0500000e-01  -1.9818243e+01
   1.1000000e-01  -2.0912845e+01
   1.1500000e-01  -2.1361224e+01
   1.2000000e-01  -2.1272588e+01
   1.2500000e-01  -2.0745976e+01
   1.3000000e-01  -1.9870324e+01
   1.3500000e-01  -1.8724697e+01
   1.4000000e-01  -1.7378667e+01
   1.4500000e-01  -1.5892778e+01
   1.5000000e-01  -1.4319101e+01
   1.5500000e-01  -1.2701837e+01
   1.6000000e-01  -1.1077946e+01
   1.6500000e-01  -9.4778046e+00
   1.7000000e-01  -7.9258468e+00
   1.7500000e-01  -6.4412091e+00
   1.8000000e-01  -5.0383457e+00
   1.8500000e-01  -3.7276190e+00
   1.9000000e-01  -2.5158561e+00
   1.9500000e-01  -1.4068671e+00
   2.0000000e-01  -4.0192468e-01
   2.0500000e-01   4.9979851e-01
   2.1000000e-01   1.3008340e+00
   2.1500000e-01   2.0050627e+00
   2.2000000e-01   2.6174002e+00
   2.2500000e-01   3.1435211e+00
   2.3000000e-01   3.5896189e+00
   2.3500000e-01   3.9622008e+00
   2.4000000e-01   4.2679140e+00
   2.4500000e-01   4.5134005e+00
   2.5000000e-01   4.7051791e+00
   2.5500000e-01   4.8495505e+00
   2.6000000e-01   4.9525237e+00
   2.6500000e-01   5.0197610e+00
   2.7000000e-01   5.0565392e+00
   2.7500000e-01   5.0677246e+00
   2.8000000e-01   5.0577605e+00
   2.8500000e-01   5.0306635e+00
   2.9000000e-01   4.9900294e+00
   2.9500000e-01   4.9390445e+00
   3.0000000e-01   4.8805031e+00
