   0.0000000e+00   0.0000000e+00   4.7155730e+01
   5.0000000e-03   9.4294874e+01   1.3655424e+02
   1.0000000e-02   1.7874072e+02   2.1625949e+02
   1.5000000e-02   2.5361066e+02   2.8659858e+02
   2.0000000e-02   3.1930017e+02   3.4800753e+02
   2.5000000e-02   3.7629772e+02   4.0100363e+02
   3.0000000e-02   4.2515916e+02   4.4616146e+02
   3.5000000e-02   4.6648544e+02   4.8409212e+02
   4.0000000e-02   5.0090364e+02   5.1542566e+02
   4.5000000e-02   5.2905096e+02   5.4079632e+02
   5.0000000e-02   5.5156143e+02   5.6083035e+02
   5.5000000e-02   5.6905511e+02   5.7613626e+02
   6.0000000e-02   5.8212947e+02   5.8729704e+02
   6.5000000e-02   5.9135280e+02   5.9486438e+02
   7.0000000e-02   5.9725926e+02   5.9935440e+02
   7.5000000e-02   6.0034554e+02   6.0124485e+02
   8.0000000e-02   6.0106869e+02   6.0097349e+02
   8.5000000e-02   5.9984517e+02   5.9893747e+02
   9.0000000e-02   5.9705071e+02   5.9549359e+02
   9.5000000e-02   5.9302098e+02   5.9095917e+02
   1.0000000e-01   5.8805284e+02   5.8561358e+02
   1.0500000e-01   5.8240605e+02   5.7970002e+02
   1.1000000e-01   5.7630536e+02   5.7342780e+02
   1.1500000e-01   5.6994282e+02   5.6697467e+02
   1.2000000e-01   5.6348030e+02   5.6048938e+02
   1.2500000e-01   5.5705204e+02   5.5409428e+02
   1.3000000e-01   5.5076726e+02   5.4788787e+02
   1.3500000e-01   5.4471277e+02   5.4194742e+02
   1.4000000e-01   5.3895546e+02   5.3633137e+02
   1.4500000e-01   5.3354474e+02   5.3108175e+02
   1.5000000e-01   5.2851480e+02   5.2622637e+02
   1.5500000e-01   5.2388678e+02   5.2178091e+02
   1.6000000e-01   5.1967076e+02   5.1775085e+02
   1.6500000e-01   5.1586760e+02   5.1413320e+02
   1.7000000e-01   5.1247058e+02   5.1091812e+02
   1.7500000e-01   5.0946690e+02   5.0809032e+02
   1.8000000e-01   5.0683904e+02   5.0563031e+02
   1.8500000e-01   5.0456589e+02   5.0351555e+02
   1.9000000e-01   5.0262382e+02   5.0172138e+02
   1.9500000e-01   5.0098755e+02   5.0022186e+02
   2.0000000e-01   4.9963090e+02   4.9899046e+02
   2.0500000e-01   4.9852741e+02   4.9800064e+02
   2.1000000e-01   4.9765090e+02   4.9722635e+02
   2.1500000e-01   4.9697587e+02   4.9664238e+02
   2.2000000e-01   4.9647782e+02   4.9622470e+02
   2.2500000e-01   4.9613354e+02   4.9595064e+02
   2.3000000e-01   4.9592127e+02   4.9579904e+02
   2.3500000e-01   4.9582083e+02   4.9575043e+02
   2.4000000e-01   4.9581370e+02   4.9578697e+02
   2.4500000e-01   4.9588306e+02   4.9589257e+02
   2.5000000e-01   4.9601376e+02   4.9605279e+02
   2.5500000e-01   4.9619230e+02   4.9625484e+02
   2.6000000e-01   4.9640678e+02   4.9648751e+02
   2.6500000e-01   4.9664682e+02   4.9674106e+02
   2.7000000e-01   4.9690347e+02   4.9700714e+02
   2.7500000e-01   4.9716909e+02   4.9727870e+02
   2.8000000e-01   4.9743729e+02   4.9754988e+02
   2.8500000e-01   4.9770278e+02   4.9781585e+02
   2.9000000e-01   4.9796128e+02   4.9807280e+02
   2.9500000e-01   4.9820942e+02   4.9831775e+02
   3.0000000e-01   4.9844463e+02   4.9854847e+02
