   0.0000000e+00   0.0000000e+00   4.8753841e+01
   5.0000000e-03   9.7420180e+01   1.4133359e+02
   1.0000000e-02   1.8500222e+02   2.2455646e+02
   1.5000000e-02   2.6374137e+02   2.9936987e+02
   2.0000000e-02   3.3453219e+02   3.6662528e+02
   2.5000000e-02   3.9817875e+02   4.2708796e+02
   3.0000000e-02   4.5540375e+02   4.8144567e+02
   3.5000000e-02   5.0685679e+02   5.3031654e+02
   4.0000000e-02   5.5312175e+02   5.7425609e+02
   4.5000000e-02   5.9472343e+02   6.1376360e+02
   5.0000000e-02   6.3213353e+02   6.4928779e+02
   5.5000000e-02   6.6577604e+02   6.8123192e+02
   6.0000000e-02   6.9603206e+02   7.0995845e+02
   6.5000000e-02   7.2324411e+02   7.3579312e+02
   7.0000000e-02   7.4772008e+02   7.5902868e+02
   7.5000000e-02   7.6973669e+02   7.7992825e+02
   8.0000000e-02   7.8954270e+02   7.9872828e+02
   8.5000000e-02   8.0736166e+02   8.1564131e+02
   9.0000000e-02   8.2339452e+02   8.3085834e+02
   9.5000000e-02   8.3782192e+02   8.4455103e+02
   1.0000000e-01   8.5080619e+02   8.5687366e+02
   1.0500000e-01   8.6249327e+02   8.6796488e+02
   1.1000000e-01   8.7301431e+02   8.7794931e+02
   1.1500000e-01   8.8248720e+02   8.8693896e+02
   1.2000000e-01   8.9101791e+02   8.9503447e+02
   1.2500000e-01   8.9870168e+02   9.0232631e+02
   1.3000000e-01   9.0562412e+02   9.0889579e+02
   1.3500000e-01   9.1186218e+02   9.1481597e+02
   1.4000000e-01   9.1748502e+02   9.2015254e+02
   1.4500000e-01   9.2255482e+02   9.2496451e+02
   1.5000000e-01   9.2712743e+02   9.2930492e+02
   1.5500000e-01   9.3125310e+02   9.3322147e+02
   1.6000000e-01   9.3497696e+02   9.3675698e+02
   1.6500000e-01   9.3833959e+02   9.3994997e+02
   1.7000000e-01   9.4137746e+02   9.4283506e+02
   1.7500000e-01   9.4412336e+02   9.4544334e+02
   1.8000000e-01   9.4660674e+02   9.4780277e+02
   1.8500000e-01   9.4885410e+02   9.4993848e+02
   1.9000000e-01   9.5088924e+02   9.5187305e+02
   1.9500000e-01   9.5273356e+02   9.5362678e+02
   2.0000000e-01   9.5440629e+02   9.5521790e+02
   2.0500000e-01   9.5592473e+02   9.5666281e+02
   2.1000000e-01   9.5730439e+02   9.5797625e+02
   2.1500000e-01   9.5855927e+02   9.5917145e+02
   2.2000000e-01   9.5970191e+02   9.6026032e+02
   2.2500000e-01   9.6074359e+02   9.6125355e+02
   2.3000000e-01   9.6169446e+02   9.6216077e+02
   2.3500000e-01   9.6256364e+02   9.6299060e+02
   2.4000000e-01   9.6335931e+02   9.6375082e+02
   2.4500000e-01   9.6408886e+02   9.6444840e+02
   2.5000000e-01   9.6475890e+02   9.6508962e+02
   2.5500000e-01   9.6537538e+02   9.6568012e+02
   2.6000000e-01   9.6594365e+02   9.6622497e+02
   2.6500000e-01   9.6646852e+02   9.6672872e+02
   2.7000000e-01   9.6695432e+02   9.6719546e+02
   2.7500000e-01   9.6740492e+02   9.6762888e+02
   2.8000000e-01   9.6782384e+02   9.6803228e+02
   2.8500000e-01   9.6821419e+02   9.6840864e+02
   2.9000000e-01   9.6857881e+02   9.6876063e+02
   2.9500000e-01   9.6892024e+02   9.6909064e+02
   3.0000000e-01   9.6924075e+02   9.6940085e+02
   3.0500000e-01   9.6954239e+02   9.6969318e+02
   3.1000000e-01   9.6982702e+02   9.6996939e+02
   3.1500000e-01   9.7009628e+02   9.7023104e+02
   3.2000000e-01   9.7035166e+02   9.7047955e+02
   3.2500000e-01   9.7059451e+02   9.7071617e+02
   3.3000000e-01   9.7082603e+02   9.7094205e+02
   3.3500000e-01   9.7104731e+02   9.7115822e+02
   3.4000000e-01   9.7125931e+02   9.7136559e+02
   3.4500000e-01   9.7146291e+02   9.7156499e+02
   3.5000000e-01   9.7165890e+02   9.7175717e+02
   3.5500000e-01   9.7184798e+02   9.7194279e+02
   3.6000000e-01   9.7203080e+02   9.7212246e+02
   3.6500000e-01   9.7220792e+02   9.7229672e+02
   3.7000000e-01   9.7237986e+02   9.7246605e+02
   3.7500000e-01   9.7254709e+02   9.7263090e+02
   3.8000000e-01   9.7271001e+02   9.7279165e+02
   3.8500000e-01   9.7286900e+02   9.7294866e+02
   3.9000000e-01   9.7302441e+02   9.7310225e+02
   3.9500000e-01   9.7317653e+02   9.7325270e+02
   4.0000000e-01   9.7332564e+02   9.7340028e+02
