   0.0000000e+00   3.4445468e+00
   5.0000000e-03   4.4298547e+00
   1.0000000e-02   5.2887531e+00
   1.5000000e-02   6.0295440e+00
   2.0000000e-02   6.6610344e+00
   2.5000000e-02   7.1922948e+00
   3.0000000e-02   7.6324572e+00
   3.5000000e-02   7.9905482e+00
   4.0000000e-02   8.2753546e+00
   4.5000000e-02   8.4953173e+00
   5.0000000e-02   8.6584506e+00
   5.5000000e-02   8.7722827e+00
   6.0000000e-02   8.8438159e+00
   6.5000000e-02   8.8795027e+00
   7.0000000e-02   8.8852360e+00
   7.5000000e-02   8.8663497e+00
   8.0000000e-02   8.8276297e+00
   8.5000000e-02   8.7733316e+00
   9.0000000e-02   8.7072046e+00
   9.5000000e-02   8.6325193e+00
   1.0000000e-01   8.5520990e+00
   1.0500000e-01   8.4683524e+00
   1.1000000e-01   8.3833084e+00
   1.1500000e-01   8.2986499e+00
   1.2000000e-01   8.2157481e+00
   1.2500000e-01   8.1356955e+00
   1.3000000e-01   8.0593382e+00
   1.3500000e-01   7.9873059e+00
   1.4000000e-01   7.9200405e+00
   1.4500000e-01   7.8578225e+00
   1.5000000e-01   7.8007959e+00
   1.5500000e-01   7.7489899e+00
   1.6000000e-01   7.7023398e+00
   1.6500000e-01   7.6607047e+00
   1.7000000e-01   7.6238838e+00
   1.7500000e-01   7.5916311e+00
   1.8000000e-01   7.5636672e+00
   1.8500000e-01   7.5396903e+00
   1.9000000e-01   7.5193856e+00
   1.9500000e-01   7.5024329e+00
   2.0000000e-01   7.4885129e+00
   2.0500000e-01   7.4773126e+00
   2.1000000e-01   7.4685295e+00
   2.1500000e-01   7.4618748e+00
   2.2000000e-01   7.4570758e+00
   2.2500000e-01   7.4538777e+00
   2.3000000e-01   7.4520446e+00
   2.3500000e-01   7.4513602e+00
   2.4000000e-01   7.4516279e+00
   2.4500000e-01   7.4526705e+00
   2.5000000e-01   7.4543296e+00
   2.5500000e-01   7.4564654e+00
   2.6000000e-01   7.4589549e+00
   2.6500000e-01   7.4616916e+00
   2.7000000e-01   7.4645842e+00
   2.7500000e-01   7.4675551e+00
   2.8000000e-01   7.4705396e+00
   2.8500000e-01   7.4734843e+00
   2.9000000e-01   7.4763465e+00
   2.9500000e-01   7.4790923e+00
   3.0000000e-01   7.4816960e+00
   3.0500000e-01   7.4841392e+00
   3.1000000e-01   7.4864093e+00
   3.1500000e-01   7.4884992e+00
   3.2000000e-01   7.4904058e+00
   3.2500000e-01   7.4921300e+00
   3.3000000e-01   7.4936756e+00
   3.3500000e-01   7.4950485e+00
   3.4000000e-01   7.4962567e+00
   3.4500000e-01   7.4973096e+00
   3.5000000e-01   7.4982173e+00
   3.5500000e-01   7.4989908e+00
   3.6000000e-01   7.4996412e+00
   3.6500000e-01   7.5001798e+00
   3.7000000e-01   7.5006177e+00
   3.7500000e-01   7.5009656e+00
   3.8000000e-01   7.5012340e+00
   3.8500000e-01   7.5014327e+00
   3.9000000e-01   7.5015710e+00
   3.9500000e-01   7.5016575e+00
   4.0000000e-01   7.5016575e+00
