   0.0000000e+00   7.6046998e+01
   5.0000000e-03   6.8163859e+01
   1.0000000e-02   6.1190696e+01
   1.5000000e-02   5.5022483e+01
   2.0000000e-02   4.9566316e+01
   2.5000000e-02   4.4740014e+01
   3.0000000e-02   4.0470879e+01
   3.5000000e-02   3.6694607e+01
   4.0000000e-02   3.3354311e+01
   4.5000000e-02   3.0399675e+01
   5.0000000e-02   2.7786185e+01
   5.5000000e-02   2.5474468e+01
   6.0000000e-02   2.3429694e+01
   6.5000000e-02   2.1621053e+01
   7.0000000e-02   2.0021291e+01
   7.5000000e-02   1.8606300e+01
   8.0000000e-02   1.7354754e+01
   8.5000000e-02   1.6247788e+01
   9.0000000e-02   1.5268715e+01
   9.5000000e-02   1.4402773e+01
   1.0000000e-01   1.3636905e+01
   1.0500000e-01   1.2959560e+01
   1.1000000e-01   1.2360520e+01
   1.1500000e-01   1.1830748e+01
   1.2000000e-01   1.1362248e+01
   1.2500000e-01   1.0947948e+01
   1.3000000e-01   1.0581592e+01
   1.3500000e-01   1.0257645e+01
   1.4000000e-01   9.9712131e+00
   1.4500000e-01   9.7179651e+00
   1.5000000e-01   9.4940707e+00
   1.5500000e-01   9.2961414e+00
   1.6000000e-01   9.1211798e+00
   1.6500000e-01   8.9665347e+00
   1.7000000e-01   8.8298605e+00
   1.7500000e-01   8.7090826e+00
   1.8000000e-01   8.6023657e+00
   1.8500000e-01   8.5080865e+00
   1.9000000e-01   8.4248087e+00
   1.9500000e-01   8.3512622e+00
   2.0000000e-01   8.2863233e+00
   2.0500000e-01   8.2289979e+00
   2.1000000e-01   8.1784067e+00
   2.1500000e-01   8.1337721e+00
   2.2000000e-01   8.0944058e+00
   2.2500000e-01   8.0596995e+00
   2.3000000e-01   8.0291145e+00
   2.3500000e-01   8.0021749e+00
   2.4000000e-01   7.9784592e+00
   2.4500000e-01   7.9575949e+00
   2.5000000e-01   7.9392523e+00
   2.5500000e-01   7.9231399e+00
   2.6000000e-01   7.9089997e+00
   2.6500000e-01   7.8966035e+00
   2.7000000e-01   7.8857496e+00
   2.7500000e-01   7.8762594e+00
   2.8000000e-01   7.8679751e+00
   2.8500000e-01   7.8607568e+00
   2.9000000e-01   7.8544811e+00
   2.9500000e-01   7.8490386e+00
   3.0000000e-01   7.8443328e+00
   3.0500000e-01   7.8402779e+00
   3.1000000e-01   7.8367985e+00
   3.1500000e-01   7.8338275e+00
   3.2000000e-01   7.8313059e+00
   3.2500000e-01   7.8291811e+00
   3.3000000e-01   7.8274070e+00
   3.3500000e-01   7.8259426e+00
   3.4000000e-01   7.8247516e+00
   3.4500000e-01   7.8238019e+00
   3.5000000e-01   7.8230653e+00
   3.5500000e-01   7.8225167e+00
   3.6000000e-01   7.8221338e+00
   3.6500000e-01   7.8218971e+00
   3.7000000e-01   7.8217892e+00
   3.7500000e-01   7.8217948e+00
   3.8000000e-01   7.8219002e+00
   3.8500000e-01   7.8220936e+00
   3.9000000e-01   7.8223642e+00
   3.9500000e-01   7.8227027e+00
   4.0000000e-01   7.8231009e+00
