   0.0000000e+00   0.0000000e+00  -1.1867485e+00   0.0000000e+00   0.0000000e+00
  -1.1981495e-01   0.0000000e+00  -1.0707562e+00   0.0000000e+00   2.2585224e-03
  -1.5543374e-01   0.0000000e+00  -1.0361133e+00   0.0000000e+00   2.8351456e-03
  -2.0457936e-01   0.0000000e+00  -9.8819281e-01   0.0000000e+00   3.5589864e-03
  -2.7650594e-01   0.0000000e+00  -9.1780413e-01   0.0000000e+00   4.4676309e-03
  -4.0018726e-01   0.0000000e+00  -7.9605334e-01   0.0000000e+00   5.6082613e-03
  -5.7994583e-01   0.0000000e+00  -6.1747260e-01   0.0000000e+00   6.3041703e-03
  -5.9871456e-01   0.0000000e+00  -5.9871456e-01   0.0000000e+00   6.3104808e-03
  -5.9871990e-01   1.8763381e-02  -5.9871990e-01  -1.8763381e-02   6.3167912e-03
  -5.9933201e-01   2.0175661e-01  -5.9933201e-01  -2.0175661e-01   7.0401060e-03
  -6.0085307e-01   3.7547273e-01  -6.0085307e-01  -3.7547273e-01   8.8375148e-03
  -6.0276249e-01   5.1657354e-01  -6.0276249e-01  -5.1657354e-01   1.1093820e-02
  -6.0515939e-01   6.5179890e-01  -6.0515939e-01  -6.5179890e-01   1.3926182e-02
  -6.0816825e-01   7.8940259e-01  -6.0816825e-01  -7.8940259e-01   1.7481674e-02
  -6.1194530e-01   9.3385072e-01  -6.1194530e-01  -9.3385072e-01   2.1944919e-02
  -6.1668666e-01   1.0883517e+00  -6.1668666e-01  -1.0883517e+00   2.7547674e-02
  -6.2263855e-01   1.2556453e+00  -6.2263855e-01  -1.2556453e+00   3.4580869e-02
  -6.3011000e-01   1.4383312e+00  -6.3011000e-01  -1.4383312e+00   4.3409707e-02
  -6.3948900e-01   1.6390367e+00  -6.3948900e-01  -1.6390367e+00   5.4492636e-02
  -6.5126255e-01   1.8605181e+00  -6.5126255e-01  -1.8605181e+00   6.8405145e-02
  -6.6604200e-01   2.1057323e+00  -6.6604200e-01  -2.1057323e+00   8.5869657e-02
  -6.8459479e-01   2.3778942e+00  -6.8459479e-01  -2.3778942e+00   1.0779303e-01
  -7.0788429e-01   2.6805273e+00  -7.0788429e-01  -2.6805273e+00   1.3531366e-01
  -7.3711983e-01   3.0175116e+00  -7.3711983e-01  -3.0175116e+00   1.6986058e-01
  -7.7381949e-01   3.3931312e+00  -7.7381949e-01  -3.3931312e+00   2.1322767e-01
  -8.1988895e-01   3.8121210e+00  -8.1988895e-01  -3.8121210e+00   2.6766681e-01
  -8.7772039e-01   4.2797134e+00  -8.7772039e-01  -4.2797134e+00   3.3600479e-01
  -9.5031677e-01   4.8016841e+00  -9.5031677e-01  -4.8016841e+00   4.2179015e-01
  -1.0414477e+00   5.3843939e+00  -1.0414477e+00  -5.3843939e+00   5.2947735e-01
  -1.1558453e+00   6.0348251e+00  -1.1558453e+00  -6.0348251e+00   6.6465817e-01
  -1.2994498e+00   6.7606044e+00  -1.2994498e+00  -6.7606044e+00   8.3435198e-01
  -1.4797178e+00   7.5700080e+00  -1.4797178e+00  -7.5700080e+00   1.0473703e+00
  -1.7060101e+00   8.4719344e+00  -1.7060101e+00  -8.4719344e+00   1.3147743e+00
  -1.9900771e+00   9.4758292e+00  -1.9900771e+00  -9.4758292e+00   1.6504492e+00
  -2.3466691e+00   1.0591536e+01  -2.3466691e+00  -1.0591536e+01   2.0718253e+00
  -2.7943027e+00   1.1829038e+01  -2.7943027e+00  -1.1829038e+01   2.6007828e+00
  -3.3562215e+00   1.3198033e+01  -3.3562215e+00  -1.3198033e+01   3.2647885e+00
  -4.0616038e+00   1.4707260e+01  -4.0616038e+00  -1.4707260e+01   4.0983213e+00
  -4.9470772e+00   1.6363457e+01  -4.9470772e+00  -1.6363457e+01   5.1446634e+00
  -6.0586206e+00   1.8169761e+01  -6.0586206e+00  -1.8169761e+01   6.4581469e+00
  -7.4539522e+00   2.0123256e+01  -7.4539522e+00  -2.0123256e+01   8.1069758e+00
  -9.2055257e+00   2.2211192e+01  -9.2055257e+00  -2.2211192e+01   1.0176767e+01
  -1.1404293e+01   2.4405125e+01  -1.1404293e+01  -2.4405125e+01   1.2774997e+01
  -1.4164428e+01   2.6651589e+01  -1.4164428e+01  -2.6651589e+01   1.6036580e+01
  -1.7629253e+01   2.8856875e+01  -1.7629253e+01  -2.8856875e+01   2.0130877e+01
  -2.1978681e+01   3.0860926e+01  -2.1978681e+01  -3.0860926e+01   2.5270490e+01
  -2.7438562e+01   3.2389373e+01  -2.7438562e+01  -3.2389373e+01   3.1722297e+01
  -3.0865483e+01   3.2852632e+01  -3.0865483e+01  -3.2852632e+01   3.5771805e+01
  -3.4292405e+01   3.2954997e+01  -3.4292405e+01  -3.2954997e+01   3.9821313e+01
  -3.8594253e+01   3.2576681e+01  -3.8594253e+01  -3.2576681e+01   4.4904701e+01
  -4.2896101e+01   3.1613867e+01  -4.2896101e+01  -3.1613867e+01   4.9988089e+01
  -4.8296254e+01   2.9486637e+01  -4.8296254e+01  -2.9486637e+01   5.6369316e+01
  -5.0996330e+01   2.7975044e+01  -5.0996330e+01  -2.7975044e+01   5.9559930e+01
  -5.3696406e+01   2.6099111e+01  -5.3696406e+01  -2.6099111e+01   6.2750544e+01
  -5.6887048e+01   2.3291605e+01  -5.6887048e+01  -2.3291605e+01   6.6520846e+01
  -6.0077689e+01   1.9582485e+01  -6.0077689e+01  -1.9582485e+01   7.0291149e+01
  -6.3268331e+01   1.4285944e+01  -6.3268331e+01  -1.4285944e+01   7.4061451e+01
  -6.4863652e+01   1.0332486e+01  -6.4863652e+01  -1.0332486e+01   7.5946602e+01
  -6.5661312e+01   7.4958344e+00  -6.5661312e+01  -7.4958344e+00   7.6889178e+01
  -6.6458973e+01   2.0838108e+00  -6.6458973e+01  -2.0838108e+00   7.7831754e+01
  -6.6524900e+01   0.0000000e+00  -6.6524908e+01   0.0000000e+00   7.7909663e+01
  -6.4504940e+01   0.0000000e+00  -6.8676731e+01   0.0000000e+00   7.7987573e+01
  -6.0282243e+01   0.0000000e+00  -7.4226031e+01   0.0000000e+00   7.8771379e+01
  -4.5736442e+01   0.0000000e+00  -1.2281014e+02   0.0000000e+00   9.8882493e+01
  -4.1541157e+01   0.0000000e+00  -1.6973405e+02   0.0000000e+00   1.2412817e+02
  -3.9217058e+01   0.0000000e+00  -2.2569581e+02   0.0000000e+00   1.5581933e+02
  -3.3806106e+01   0.0000000e+00  -4.4812968e+03   0.0000000e+00   2.6669917e+03
  -3.3561809e+01   0.0000000e+00             Inf   0.0000000e+00             Inf
