   0.0000000e+00   0.0000000e+00   2.5363445e+00
   5.0000000e-03   5.5100114e+00   1.1365000e+01
   1.0000000e-02   1.8263843e+01   2.5471082e+01
   1.5000000e-02   3.3854974e+01   4.1124126e+01
   2.0000000e-02   4.9370672e+01   5.5938108e+01
   2.5000000e-02   6.3104147e+01   6.8592135e+01
   3.0000000e-02   7.4249958e+01   7.8545253e+01
   3.5000000e-02   8.2623670e+01   8.5779771e+01
   4.0000000e-02   8.8427207e+01   9.0590311e+01
   4.5000000e-02   9.2067385e+01   9.3423652e+01
   5.0000000e-02   9.4026109e+01   9.4766665e+01
   5.5000000e-02   9.4775514e+01   9.5075354e+01
   6.0000000e-02   9.4729093e+01   9.4736241e+01
   6.5000000e-02   9.4219489e+01   9.4051256e+01
   7.0000000e-02   9.3494467e+01   9.3238279e+01
   7.5000000e-02   9.2724058e+01   9.2440884e+01
   8.0000000e-02   9.2013467e+01   9.1742467e+01
   8.5000000e-02   9.1417944e+01   9.1181374e+01
   9.0000000e-02   9.0957126e+01   9.0764930e+01
   9.5000000e-02   9.0627486e+01   9.0481240e+01
   1.0000000e-01   9.0412245e+01   9.0308345e+01
   1.0500000e-01   9.0288706e+01   9.0220783e+01
   1.1000000e-01   9.0233223e+01   9.0193874e+01
   1.1500000e-01   9.0224247e+01   9.0206167e+01
   1.2000000e-01   9.0243871e+01   9.0240538e+01
   1.2500000e-01   9.0278346e+01   9.0284349e+01
   1.3000000e-01   9.0317904e+01   9.0329041e+01
   1.3500000e-01   9.0356223e+01   9.0369436e+01
   1.4000000e-01   9.0389712e+01   9.0402942e+01
   1.4500000e-01   9.0416796e+01   9.0428789e+01
   1.5000000e-01   9.0437260e+01   9.0447378e+01
   1.5500000e-01   9.0451716e+01   9.0459757e+01
   1.6000000e-01   9.0461192e+01   9.0467242e+01
   1.6500000e-01   9.0466850e+01   9.0471157e+01
   1.7000000e-01   9.0469796e+01   9.0472685e+01
   1.7500000e-01   9.0470984e+01   9.0472794e+01
   1.8000000e-01   9.0471167e+01   9.0472210e+01
   1.8500000e-01   9.0470898e+01   9.0471442e+01
   1.9000000e-01   9.0470551e+01   9.0470806e+01
   1.9500000e-01   9.0470351e+01   9.0470472e+01
   2.0000000e-01   9.0470409e+01   9.0470505e+01
