   0.0000000e+00   2.3593229e+02
   5.0000000e-03   1.1615780e+02
   1.0000000e-02   3.2087259e+01
   1.5000000e-02  -2.1373142e+01
   2.0000000e-02  -5.0679812e+01
   2.5000000e-02  -6.2372635e+01
   3.0000000e-02  -6.2307022e+01
   3.5000000e-02  -5.5275277e+01
   4.0000000e-02  -4.4901364e+01
   4.5000000e-02  -3.3709624e+01
   5.0000000e-02  -2.3288937e+01
   5.5000000e-02  -1.4495070e+01
   6.0000000e-02  -7.6529670e+00
   6.5000000e-02  -2.7362892e+00
   7.0000000e-02   4.8667977e-01
   7.5000000e-02   2.3434508e+00
   8.0000000e-02   3.1815904e+00
   8.5000000e-02   3.3215508e+00
   9.0000000e-02   3.0317387e+00
   9.5000000e-02   2.5195707e+00
   1.0000000e-01   1.9330133e+00
   1.0500000e-01   1.3681691e+00
   1.1000000e-01   8.7959595e-01
   1.1500000e-01   4.9109008e-01
   1.2000000e-01   2.0553336e-01
   1.2500000e-01   1.3080687e-02
   1.3000000e-01  -1.0255599e-01
   1.3500000e-01  -1.5965774e-01
   1.4000000e-01  -1.7563593e-01
   1.4500000e-01  -1.6543198e-01
   1.5000000e-01  -1.4084557e-01
   1.5500000e-01  -1.1048885e-01
   1.6000000e-01  -8.0116976e-02
   1.6500000e-01  -5.3144816e-02
   1.7000000e-01  -3.1216049e-02
   1.7500000e-01  -1.4739445e-02
   1.8000000e-01  -3.3455222e-03
   1.8500000e-01   3.7552882e-03
   1.9000000e-01   7.5130771e-03
   1.9500000e-01   8.8665043e-03
   2.0000000e-01   8.6421024e-03
