   0.0000000e+00   7.1657146e+00
   5.0000000e-03   3.4977009e+00
   1.0000000e-02   9.2978268e-01
   1.5000000e-02  -6.9752575e-01
   2.0000000e-02  -1.5843662e+00
   2.5000000e-02  -1.9325328e+00
   3.0000000e-02  -1.9221543e+00
   3.5000000e-02  -1.7002962e+00
   4.0000000e-02  -1.3779116e+00
   4.5000000e-02  -1.0320852e+00
   5.0000000e-02  -7.1116442e-01
   5.5000000e-02  -4.4102813e-01
   6.0000000e-02  -2.3132541e-01
   6.5000000e-02  -8.0997070e-02
   7.0000000e-02   1.7248035e-02
   7.5000000e-02   7.3578853e-02
   8.0000000e-02   9.8729935e-02
   8.5000000e-02   1.0256665e-01
   9.0000000e-02   9.3331789e-02
   9.5000000e-02   7.7380832e-02
   1.0000000e-01   5.9236734e-02
   1.0500000e-01   4.1828060e-02
   1.1000000e-01   2.6809138e-02
   1.1500000e-01   1.4892935e-02
   1.2000000e-01   6.1541056e-03
   1.2500000e-01   2.8036477e-04
   1.3000000e-01  -3.2350160e-03
   1.3500000e-01  -4.9572184e-03
   1.4000000e-01  -5.4226672e-03
   1.4500000e-01  -5.0905348e-03
   1.5000000e-01  -4.3226491e-03
   1.5500000e-01  -3.3825011e-03
   1.6000000e-01  -2.4456921e-03
   1.6500000e-01  -1.6159921e-03
   1.7000000e-01  -9.4292462e-04
   1.7500000e-01  -4.3828381e-04
   1.8000000e-01  -9.0163634e-05
   1.8500000e-01   1.2606176e-04
   1.9000000e-01   2.3979852e-04
   1.9500000e-01   2.7998792e-04
   2.0000000e-01   2.7998792e-04
