  -3.0000000e+00   1.0000000e+00  -3.0000000e+00  -1.0000000e+00  -1.0000000e+00   1.0000000e+00  -1.0000000e+00  -1.0000000e+00   0.0000000e+00
  -3.0365169e+00   1.1177166e+00  -3.0365169e+00  -1.1177166e+00  -9.6348311e-01   1.1177166e+00  -9.6348311e-01  -1.1177166e+00   3.4984620e-01
  -3.0400944e+00   1.1303531e+00  -3.0400944e+00  -1.1303531e+00  -9.5990561e-01   1.1303531e+00  -9.5990561e-01  -1.1303531e+00   3.9180348e-01
  -3.0439342e+00   1.1442006e+00  -3.0439342e+00  -1.1442006e+00  -9.5606577e-01   1.1442006e+00  -9.5606577e-01  -1.1442006e+00   4.3879273e-01
  -3.0480371e+00   1.1593491e+00  -3.0480371e+00  -1.1593491e+00  -9.5196295e-01   1.1593491e+00  -9.5196295e-01  -1.1593491e+00   4.9141742e-01
  -3.0523989e+00   1.1758913e+00  -3.0523989e+00  -1.1758913e+00  -9.4760106e-01   1.1758913e+00  -9.4760106e-01  -1.1758913e+00   5.5035343e-01
  -3.0570105e+00   1.1939221e+00  -3.0570105e+00  -1.1939221e+00  -9.4298953e-01   1.1939221e+00  -9.4298953e-01  -1.1939221e+00   6.1635768e-01
  -3.0618556e+00   1.2135388e+00  -3.0618556e+00  -1.2135388e+00  -9.3814436e-01   1.2135388e+00  -9.3814436e-01  -1.2135388e+00   6.9027785e-01
  -3.0669107e+00   1.2348401e+00  -3.0669107e+00  -1.2348401e+00  -9.3308932e-01   1.2348401e+00  -9.3308932e-01  -1.2348401e+00   7.7306332e-01
  -3.0721428e+00   1.2579264e+00  -3.0721428e+00  -1.2579264e+00  -9.2785716e-01   1.2579264e+00  -9.2785716e-01  -1.2579264e+00   8.6577731e-01
  -3.0775089e+00   1.2828994e+00  -3.0775089e+00  -1.2828994e+00  -9.2249107e-01   1.2828994e+00  -9.2249107e-01  -1.2828994e+00   9.6961054e-01
  -3.0829539e+00   1.3098616e+00  -3.0829539e+00  -1.3098616e+00  -9.1704608e-01   1.3098616e+00  -9.1704608e-01  -1.3098616e+00   1.0858966e+00
  -3.0884092e+00   1.3389171e+00  -3.0884092e+00  -1.3389171e+00  -9.1159080e-01   1.3389171e+00  -9.1159080e-01  -1.3389171e+00   1.2161288e+00
  -3.0937909e+00   1.3701709e+00  -3.0937909e+00  -1.3701709e+00  -9.0620914e-01   1.3701709e+00  -9.0620914e-01  -1.3701709e+00   1.3619800e+00
  -3.0989976e+00   1.4037298e+00  -3.0989976e+00  -1.4037298e+00  -9.0100239e-01   1.4037298e+00  -9.0100239e-01  -1.4037298e+00   1.5253231e+00
  -3.1039085e+00   1.4397021e+00  -3.1039085e+00  -1.4397021e+00  -8.9609150e-01   1.4397021e+00  -8.9609150e-01  -1.4397021e+00   1.7082561e+00
  -3.1083803e+00   1.4781986e+00  -3.1083803e+00  -1.4781986e+00  -8.9161973e-01   1.4781986e+00  -8.9161973e-01  -1.4781986e+00   1.9131283e+00
  -3.1122442e+00   1.5193329e+00  -3.1122442e+00  -1.5193329e+00  -8.8775584e-01   1.5193329e+00  -8.8775584e-01  -1.5193329e+00   2.1425711e+00
  -3.1153022e+00   1.5632225e+00  -3.1153022e+00  -1.5632225e+00  -8.8469782e-01   1.5632225e+00  -8.8469782e-01  -1.5632225e+00   2.3995310e+00
  -3.1173224e+00   1.6099887e+00  -3.1173224e+00  -1.6099887e+00  -8.8267755e-01   1.6099887e+00  -8.8267755e-01  -1.6099887e+00   2.6873083e+00
  -3.1180333e+00   1.6597584e+00  -3.1180333e+00  -1.6597584e+00  -8.8196665e-01   1.6597584e+00  -8.8196665e-01  -1.6597584e+00   3.0095989e+00
  -3.1171162e+00   1.7126645e+00  -3.1171162e+00  -1.7126645e+00  -8.8288379e-01   1.7126645e+00  -8.8288379e-01  -1.7126645e+00   3.3705421e+00
  -3.1141957e+00   1.7688467e+00  -3.1141957e+00  -1.7688467e+00  -8.8580426e-01   1.7688467e+00  -8.8580426e-01  -1.7688467e+00   3.7747734e+00
  -3.1088274e+00   1.8284530e+00  -3.1088274e+00  -1.8284530e+00  -8.9117262e-01   1.8284530e+00  -8.9117262e-01  -1.8284530e+00   4.2274844e+00
  -3.1004804e+00   1.8916400e+00  -3.1004804e+00  -1.8916400e+00  -8.9951963e-01   1.8916400e+00  -8.9951963e-01  -1.8916400e+00   4.7344893e+00
  -3.0885142e+00   1.9585742e+00  -3.0885142e+00  -1.9585742e+00  -9.1148577e-01   1.9585742e+00  -9.1148577e-01  -1.9585742e+00   5.3022997e+00
  -3.0721454e+00   2.0294334e+00  -3.0721454e+00  -2.0294334e+00  -9.2785456e-01   2.0294334e+00  -9.2785456e-01  -2.0294334e+00   5.9382079e+00
  -3.0503985e+00   2.1044067e+00  -3.0503985e+00  -2.1044067e+00  -9.4960152e-01   2.1044067e+00  -9.4960152e-01  -2.1044067e+00   6.6503810e+00
  -3.0220308e+00   2.1836964e+00  -3.0220308e+00  -2.1836964e+00  -9.7796917e-01   2.1836964e+00  -9.7796917e-01  -2.1836964e+00   7.4479655e+00
  -2.9854122e+00   2.2675184e+00  -2.9854122e+00  -2.2675184e+00  -1.0145878e+00   2.2675184e+00  -1.0145878e+00  -2.2675184e+00   8.3412049e+00
  -2.9383169e+00   2.3561036e+00  -2.9383169e+00  -2.3561036e+00  -1.0616831e+00   2.3561036e+00  -1.0616831e+00  -2.3561036e+00   9.3415710e+00
  -2.8775344e+00   2.4496984e+00  -2.8775344e+00  -2.4496984e+00  -1.1224656e+00   2.4496984e+00  -1.1224656e+00  -2.4496984e+00   1.0461912e+01
  -2.7980492e+00   2.5485663e+00  -2.7980492e+00  -2.5485663e+00  -1.2019508e+00   2.5485663e+00  -1.2019508e+00  -2.5485663e+00   1.1716615e+01
  -2.6909766e+00   2.6529883e+00  -2.6909766e+00  -2.6529883e+00  -1.3090234e+00   2.6529883e+00  -1.3090234e+00  -2.6529883e+00   1.3121797e+01
  -2.5365439e+00   2.7632645e+00  -2.5365439e+00  -2.7632645e+00  -1.4634561e+00   2.7632645e+00  -1.4634561e+00  -2.7632645e+00   1.4695502e+01
  -2.4210362e+00   2.8223453e+00  -2.4210362e+00  -2.8223453e+00  -1.5789638e+00   2.8223453e+00  -1.5789638e+00  -2.8223453e+00   1.5576723e+01
  -2.2525560e+00   2.8797146e+00  -2.2525560e+00  -2.8797146e+00  -1.7474440e+00   2.8797146e+00  -1.7474440e+00  -2.8797146e+00   1.6457943e+01
  -2.1819411e+00   2.8947228e+00  -2.1819411e+00  -2.8947228e+00  -1.8180589e+00   2.8947228e+00  -1.8180589e+00  -2.8947228e+00   1.6692636e+01
  -2.0472821e+00   2.9096219e+00  -2.0472821e+00  -2.9096219e+00  -1.9527179e+00   2.9096219e+00  -1.9527179e+00  -2.9096219e+00   1.6927328e+01
  -2.0472821e+00   2.9096219e+00  -2.0472821e+00  -2.9096219e+00  -1.9527179e+00   2.9096219e+00  -1.9527179e+00  -2.9096219e+00   1.6927328e+01
  -2.0334352e+00   2.9101577e+00  -2.0334352e+00  -2.9101577e+00  -1.9665648e+00   2.9101577e+00  -1.9665648e+00  -2.9101577e+00   1.6935800e+01
  -2.0000000e+00   2.9106934e+00  -2.0000000e+00  -2.9106934e+00  -2.0000000e+00   2.9106933e+00  -2.0000000e+00  -2.9106933e+00   1.6944272e+01
  -2.0000000e+00   2.9106934e+00  -2.0000000e+00  -2.9106934e+00  -2.0000000e+00   2.9106933e+00  -2.0000000e+00  -2.9106933e+00   1.6944272e+01
  -2.0000000e+00   2.9590564e+00  -2.0000000e+00  -2.9590564e+00  -2.0000000e+00   2.8644723e+00  -2.0000000e+00  -2.8644723e+00   1.6961216e+01
  -2.0000000e+00   2.9590564e+00  -2.0000000e+00  -2.9590564e+00  -2.0000000e+00   2.8644723e+00  -2.0000000e+00  -2.8644723e+00   1.6961216e+01
  -2.0000000e+00   2.9858166e+00  -2.0000000e+00  -2.9858166e+00  -2.0000000e+00   2.8406148e+00  -2.0000000e+00  -2.8406148e+00   1.6984193e+01
  -2.0000000e+00   3.0058087e+00  -2.0000000e+00  -3.0058087e+00  -2.0000000e+00   2.8235235e+00  -2.0000000e+00  -2.8235235e+00   1.7007171e+01
  -2.0000000e+00   3.0374984e+00  -2.0000000e+00  -3.0374984e+00  -2.0000000e+00   2.7976291e+00  -2.0000000e+00  -2.7976291e+00   1.7053125e+01
  -2.0000000e+00   3.0863182e+00  -2.0000000e+00  -3.0863182e+00  -2.0000000e+00   2.7603757e+00  -2.0000000e+00  -2.7603757e+00   1.7145034e+01
  -2.0000000e+00   3.1606793e+00  -2.0000000e+00  -3.1606793e+00  -2.0000000e+00   2.7090511e+00  -2.0000000e+00  -2.7090511e+00   1.7328851e+01
  -2.0000000e+00   3.2742220e+00  -2.0000000e+00  -3.2742220e+00  -2.0000000e+00   2.6412035e+00  -2.0000000e+00  -2.6412035e+00   1.7696486e+01
  -2.0000000e+00   3.4496611e+00  -2.0000000e+00  -3.4496611e+00  -2.0000000e+00   2.5556983e+00  -2.0000000e+00  -2.5556983e+00   1.8431755e+01
  -2.0000000e+00   3.8455759e+00  -2.0000000e+00  -3.8455759e+00  -2.0000000e+00   2.4194697e+00  -2.0000000e+00  -2.4194697e+00   2.0642288e+01
  -2.0000000e+00   4.2015541e+00  -2.0000000e+00  -4.2015541e+00  -2.0000000e+00   2.3377069e+00  -2.0000000e+00  -2.3377069e+00   2.3117931e+01
  -2.0000000e+00   4.5488816e+00  -2.0000000e+00  -4.5488816e+00  -2.0000000e+00   2.2799464e+00  -2.0000000e+00  -2.2799464e+00   2.5890479e+01
  -2.0000000e+00   4.8985004e+00  -2.0000000e+00  -4.8985004e+00  -2.0000000e+00   2.2361205e+00  -2.0000000e+00  -2.2361205e+00   2.8995541e+01
  -2.0000000e+00   5.2560905e+00  -2.0000000e+00  -5.2560905e+00  -2.0000000e+00   2.2014785e+00  -2.0000000e+00  -2.2014785e+00   3.2472995e+01
  -2.0000000e+00   5.6253016e+00  -2.0000000e+00  -5.6253016e+00  -2.0000000e+00   2.1733577e+00  -2.0000000e+00  -2.1733577e+00   3.6367502e+01
  -2.0000000e+00   6.0088390e+00  -2.0000000e+00  -6.0088390e+00  -2.0000000e+00   2.1501009e+00  -2.0000000e+00  -2.1501009e+00   4.0729080e+01
  -2.0000000e+00   6.4089225e+00  -2.0000000e+00  -6.4089225e+00  -2.0000000e+00   2.1306003e+00  -2.0000000e+00  -2.1306003e+00   4.5613745e+01
  -2.0000000e+00   6.8275114e+00  -2.0000000e+00  -6.8275114e+00  -2.0000000e+00   2.1140765e+00  -2.0000000e+00  -2.1140765e+00   5.1084231e+01
  -2.0000000e+00   7.2664275e+00  -2.0000000e+00  -7.2664275e+00  -2.0000000e+00   2.0999590e+00  -2.0000000e+00  -2.0999590e+00   5.7210796e+01
  -2.0000000e+00   7.7274279e+00  -2.0000000e+00  -7.7274279e+00  -2.0000000e+00   2.0878175e+00  -2.0000000e+00  -2.0878175e+00   6.4072124e+01
  -2.0000000e+00   8.2122520e+00  -2.0000000e+00  -8.2122520e+00  -2.0000000e+00   2.0773187e+00  -2.0000000e+00  -2.0773187e+00   7.1756335e+01
  -2.0000000e+00   8.7226526e+00  -2.0000000e+00  -8.7226526e+00  -2.0000000e+00   2.0682001e+00  -2.0000000e+00  -2.0682001e+00   8.0362119e+01
  -2.0000000e+00   9.2604194e+00  -2.0000000e+00  -9.2604194e+00  -2.0000000e+00   2.0602505e+00  -2.0000000e+00  -2.0602505e+00   9.0000000e+01
  -2.0000000e+00   1.8946806e+02  -2.0000000e+00  -1.8946806e+02  -2.0000000e+00   2.0001393e+00  -2.0000000e+00  -2.0001393e+00   3.5902147e+04
             Inf   0.0000000e+00             Inf   0.0000000e+00  -2.0000000e+00   2.0000000e+00  -2.0000000e+00  -2.0000000e+00             Inf
