  -1.0000000e+00   1.0000000e+00  -1.0000000e+00  -1.0000000e+00   0.0000000e+00
  -1.0644967e+00   1.1197442e+00  -1.0644967e+00  -1.1197442e+00   6.8943347e-02
  -1.0698889e+00   1.1290134e+00  -1.0698889e+00  -1.1290134e+00   7.5140398e-02
  -1.0756954e+00   1.1388819e+00  -1.0756954e+00  -1.1388819e+00   8.1894480e-02
  -1.0819419e+00   1.1493707e+00  -1.0819419e+00  -1.1493707e+00   8.9255659e-02
  -1.0886543e+00   1.1604989e+00  -1.0886543e+00  -1.1604989e+00   9.7278507e-02
  -1.0958593e+00   1.1722833e+00  -1.0958593e+00  -1.1722833e+00   1.0602250e-01
  -1.1035832e+00   1.1847376e+00  -1.1035832e+00  -1.1847376e+00   1.1555245e-01
  -1.1118524e+00   1.1978726e+00  -1.1118524e+00  -1.1978726e+00   1.2593902e-01
  -1.1206930e+00   1.2116951e+00  -1.1206930e+00  -1.2116951e+00   1.3725919e-01
  -1.1301299e+00   1.2262078e+00  -1.1301299e+00  -1.2262078e+00   1.4959689e-01
  -1.1401870e+00   1.2414087e+00  -1.1401870e+00  -1.2414087e+00   1.6304358e-01
  -1.1508866e+00   1.2572905e+00  -1.1508866e+00  -1.2572905e+00   1.7769894e-01
  -1.1622487e+00   1.2738406e+00  -1.1622487e+00  -1.2738406e+00   1.9367161e-01
  -1.1742907e+00   1.2910405e+00  -1.1742907e+00  -1.2910405e+00   2.1108000e-01
  -1.1870270e+00   1.3088655e+00  -1.1870270e+00  -1.3088655e+00   2.3005317e-01
  -1.2004681e+00   1.3272847e+00  -1.2004681e+00  -1.3272847e+00   2.5073177e-01
  -1.2146201e+00   1.3462609e+00  -1.2146201e+00  -1.3462609e+00   2.7326908e-01
  -1.2294844e+00   1.3657505e+00  -1.2294844e+00  -1.3657505e+00   2.9783219e-01
  -1.2450569e+00   1.3857037e+00  -1.2450569e+00  -1.3857037e+00   3.2460317e-01
  -1.2613278e+00   1.4060651e+00  -1.2613278e+00  -1.4060651e+00   3.5378050e-01
  -1.2782808e+00   1.4267737e+00  -1.2782808e+00  -1.4267737e+00   3.8558047e-01
  -1.2958931e+00   1.4477636e+00  -1.2958931e+00  -1.4477636e+00   4.2023882e-01
  -1.3141348e+00   1.4689651e+00  -1.3141348e+00  -1.4689651e+00   4.5801246e-01
  -1.3329693e+00   1.4903049e+00  -1.3329693e+00  -1.4903049e+00   4.9918144e-01
  -1.3523530e+00   1.5117074e+00  -1.3523530e+00  -1.5117074e+00   5.4405094e-01
  -1.3722353e+00   1.5330956e+00  -1.3722353e+00  -1.5330956e+00   5.9295358e-01
  -1.3925595e+00   1.5543922e+00  -1.3925595e+00  -1.5543922e+00   6.4625190e-01
  -1.4132630e+00   1.5755207e+00  -1.4132630e+00  -1.5755207e+00   7.0434099e-01
  -1.4342776e+00   1.5964064e+00  -1.4342776e+00  -1.5964064e+00   7.6765149e-01
  -1.4555313e+00   1.6169775e+00  -1.4555313e+00  -1.6169775e+00   8.3665273e-01
  -1.4769481e+00   1.6371661e+00  -1.4769481e+00  -1.6371661e+00   9.1185622e-01
  -1.4984501e+00   1.6569091e+00  -1.4984501e+00  -1.6569091e+00   9.9381946e-01
  -1.5199578e+00   1.6761489e+00  -1.5199578e+00  -1.6761489e+00   1.0831501e+00
  -1.5413917e+00   1.6948339e+00  -1.5413917e+00  -1.6948339e+00   1.1805103e+00
  -1.5626736e+00   1.7129194e+00  -1.5626736e+00  -1.7129194e+00   1.2866218e+00
  -1.5837273e+00   1.7303675e+00  -1.5837273e+00  -1.7303675e+00   1.4022713e+00
  -1.6044798e+00   1.7471472e+00  -1.6044798e+00  -1.7471472e+00   1.5283160e+00
  -1.6248627e+00   1.7632349e+00  -1.6248627e+00  -1.7632349e+00   1.6656905e+00
  -1.6448123e+00   1.7786136e+00  -1.6448123e+00  -1.7786136e+00   1.8154130e+00
  -1.6642711e+00   1.7932730e+00  -1.6642711e+00  -1.7932730e+00   1.9785934e+00
  -1.6831875e+00   1.8072092e+00  -1.6831875e+00  -1.8072092e+00   2.1564416e+00
  -1.7015171e+00   1.8204236e+00  -1.7015171e+00  -1.8204236e+00   2.3502758e+00
  -1.7192220e+00   1.8329233e+00  -1.7192220e+00  -1.8329233e+00   2.5615331e+00
  -1.7362716e+00   1.8447196e+00  -1.7362716e+00  -1.8447196e+00   2.7917794e+00
  -1.7526419e+00   1.8558280e+00  -1.7526419e+00  -1.8558280e+00   3.0427217e+00
  -1.7683158e+00   1.8662674e+00  -1.7683158e+00  -1.8662674e+00   3.3162203e+00
  -1.7832825e+00   1.8760593e+00  -1.7832825e+00  -1.8760593e+00   3.6143025e+00
  -1.7975372e+00   1.8852276e+00  -1.7975372e+00  -1.8852276e+00   3.9391783e+00
  -1.8110804e+00   1.8937978e+00  -1.8110804e+00  -1.8937978e+00   4.2932558e+00
  -1.8239176e+00   1.9017966e+00  -1.8239176e+00  -1.9017966e+00   4.6791601e+00
  -2.0000000e+00   2.0000000e+00  -2.0000000e+00  -2.0000000e+00             Inf
