  -1.0000000e+00   0.0000000e+00   0.0000000e+00
  -1.0833333e+00   0.0000000e+00   9.0909091e-02
  -1.0894257e+00   0.0000000e+00   9.8208068e-02
  -1.0959169e+00   0.0000000e+00   1.0609307e-01
  -1.1028261e+00   0.0000000e+00   1.1461115e-01
  -1.1101724e+00   0.0000000e+00   1.2381313e-01
  -1.1179744e+00   0.0000000e+00   1.3375393e-01
  -1.1262506e+00   0.0000000e+00   1.4449287e-01
  -1.1350184e+00   0.0000000e+00   1.5609402e-01
  -1.1442947e+00   0.0000000e+00   1.6862661e-01
  -1.1540947e+00   0.0000000e+00   1.8216543e-01
  -1.1644324e+00   0.0000000e+00   1.9679127e-01
  -1.1753199e+00   0.0000000e+00   2.1259139e-01
  -1.1867671e+00   0.0000000e+00   2.2966009e-01
  -1.1987816e+00   0.0000000e+00   2.4809920e-01
  -1.2113681e+00   0.0000000e+00   2.6801878e-01
  -1.2245283e+00   0.0000000e+00   2.8953767e-01
  -1.2382602e+00   0.0000000e+00   3.1278428e-01
  -1.2525585e+00   0.0000000e+00   3.3789734e-01
  -1.2674136e+00   0.0000000e+00   3.6502669e-01
  -1.2828118e+00   0.0000000e+00   3.9433423e-01
  -1.2987352e+00   0.0000000e+00   4.2599483e-01
  -1.3151611e+00   0.0000000e+00   4.6019742e-01
  -1.3320625e+00   0.0000000e+00   4.9714609e-01
  -1.3494079e+00   0.0000000e+00   5.3706132e-01
  -1.3671612e+00   0.0000000e+00   5.8018130e-01
  -1.3852824e+00   0.0000000e+00   6.2676333e-01
  -1.4037274e+00   0.0000000e+00   6.7708537e-01
  -1.4224486e+00   0.0000000e+00   7.3144770e-01
  -1.4413953e+00   0.0000000e+00   7.9017472e-01
  -1.4605142e+00   0.0000000e+00   8.5361685e-01
  -1.4797500e+00   0.0000000e+00   9.2215268e-01
  -1.4990460e+00   0.0000000e+00   9.9619116e-01
  -1.5183448e+00   0.0000000e+00   1.0761741e+00
  -1.5375891e+00   0.0000000e+00   1.1625788e+00
  -1.5567220e+00   0.0000000e+00   1.2559207e+00
  -1.5756881e+00   0.0000000e+00   1.3567570e+00
  -1.5944339e+00   0.0000000e+00   1.4656894e+00
  -1.6129084e+00   0.0000000e+00   1.5833677e+00
  -1.6310636e+00   0.0000000e+00   1.7104943e+00
  -1.6488552e+00   0.0000000e+00   1.8478278e+00
  -1.6662425e+00   0.0000000e+00   1.9961875e+00
  -1.6831893e+00   0.0000000e+00   2.1564589e+00
  -1.6996635e+00   0.0000000e+00   2.3295983e+00
  -1.7156376e+00   0.0000000e+00   2.5166388e+00
  -1.7310886e+00   0.0000000e+00   2.7186966e+00
  -1.7459980e+00   0.0000000e+00   2.9369773e+00
  -1.7603518e+00   0.0000000e+00   3.1727835e+00
  -1.7741400e+00   0.0000000e+00   3.4275223e+00
  -1.7873568e+00   0.0000000e+00   3.7027138e+00
  -1.8000000e+00   0.0000000e+00   4.0000000e+00
  -2.0000000e+00   0.0000000e+00             Inf
