  -1.0000000e+00   0.0000000e+00   1.0000000e+00   0.0000000e+00  -2.0000000e+00   0.0000000e+00   0.0000000e+00
  -9.0000000e-01   0.0000000e+00   9.3087008e-01   0.0000000e+00  -2.0308701e+00   0.0000000e+00   9.9523810e-02
  -8.8517346e-01   0.0000000e+00   9.2022464e-01   0.0000000e+00  -2.0350512e+00   0.0000000e+00   1.1411064e-01
  -8.6808792e-01   0.0000000e+00   9.0783840e-01   0.0000000e+00  -2.0397505e+00   0.0000000e+00   1.3083540e-01
  -8.4836822e-01   0.0000000e+00   8.9338807e-01   0.0000000e+00  -2.0450199e+00   0.0000000e+00   1.5001145e-01
  -8.2556084e-01   0.0000000e+00   8.7647429e-01   0.0000000e+00  -2.0509135e+00   0.0000000e+00   1.7199807e-01
  -7.9910915e-01   0.0000000e+00   8.5659623e-01   0.0000000e+00  -2.0574871e+00   0.0000000e+00   1.9720717e-01
  -7.6831637e-01   0.0000000e+00   8.3311393e-01   0.0000000e+00  -2.0647976e+00   0.0000000e+00   2.2611108e-01
  -7.3228777e-01   0.0000000e+00   8.0518954e-01   0.0000000e+00  -2.0729018e+00   0.0000000e+00   2.5925133e-01
  -6.8983496e-01   0.0000000e+00   7.7169074e-01   0.0000000e+00  -2.0818558e+00   0.0000000e+00   2.9724882e-01
  -6.3930641e-01   0.0000000e+00   7.3102007e-01   0.0000000e+00  -2.0917137e+00   0.0000000e+00   3.4081546e-01
  -5.7825726e-01   0.0000000e+00   6.8078364e-01   0.0000000e+00  -2.1025264e+00   0.0000000e+00   3.9076749e-01
  -5.0271611e-01   0.0000000e+00   6.1705666e-01   0.0000000e+00  -2.1143406e+00   0.0000000e+00   4.4804081e-01
  -4.0518997e-01   0.0000000e+00   5.3238720e-01   0.0000000e+00  -2.1271972e+00   0.0000000e+00   5.1370845e-01
  -2.6677633e-01   0.0000000e+00   4.0790704e-01   0.0000000e+00  -2.1411307e+00   0.0000000e+00   5.8900076e-01
   4.7250512e-02   0.0000000e+00   1.0807243e-01   0.0000000e+00  -2.1553229e+00   0.0000000e+00   6.7033537e-01
   7.7718290e-02   0.0000000e+00   7.7718320e-02   0.0000000e+00  -2.1554366e+00   0.0000000e+00   6.7100638e-01
   7.7775110e-02   3.0409307e-02   7.7775110e-02  -3.0409307e-02  -2.1555502e+00   0.0000000e+00   6.7167738e-01
   7.8083722e-02   7.7165209e-02   7.8083722e-02  -7.7165209e-02  -2.1561674e+00   0.0000000e+00   6.7532838e-01
   8.6162499e-02   3.7580664e-01   8.6162499e-02  -3.7580664e-01  -2.1723250e+00   0.0000000e+00   7.7430871e-01
   9.4805591e-02   5.4220187e-01   9.4805591e-02  -5.4220187e-01  -2.1896112e+00   0.0000000e+00   8.8779621e-01
   1.0401165e-01   6.8294878e-01   1.0401165e-01  -6.8294878e-01  -2.2080233e+00   0.0000000e+00   1.0179171e+00
   1.1377381e-01   8.1304249e-01   1.1377381e-01  -8.1304249e-01  -2.2275476e+00   0.0000000e+00   1.1671094e+00
   1.2407941e-01   9.3844178e-01   1.2407941e-01  -9.3844178e-01  -2.2481588e+00   0.0000000e+00   1.3381682e+00
   1.3490993e-01   1.0623278e+00   1.3490993e-01  -1.0623278e+00  -2.2698199e+00   0.0000000e+00   1.5342985e+00
   1.4624089e-01   1.1867171e+00   1.4624089e-01  -1.1867171e+00  -2.2924818e+00   0.0000000e+00   1.7591748e+00
   1.5804185e-01   1.3130535e+00   1.5804185e-01  -1.3130535e+00  -2.3160837e+00   0.0000000e+00   2.0170104e+00
   1.7027653e-01   1.4424716e+00   1.7027653e-01  -1.4424716e+00  -2.3405531e+00   0.0000000e+00   2.3126360e+00
   1.8290292e-01   1.5759323e+00   1.8290292e-01  -1.5759323e+00  -2.3658058e+00   0.0000000e+00   2.6515904e+00
   1.9587359e-01   1.7142980e+00   1.9587359e-01  -1.7142980e+00  -2.3917472e+00   0.0000000e+00   3.0402240e+00
   2.0913594e-01   1.8583798e+00   2.0913594e-01  -1.8583798e+00  -2.4182719e+00   0.0000000e+00   3.4858181e+00
   2.2263267e-01   2.0089669e+00   2.2263267e-01  -2.0089669e+00  -2.4452653e+00   0.0000000e+00   3.9967213e+00
   2.3630228e-01   2.1668482e+00   2.3630228e-01  -2.1668482e+00  -2.4726046e+00   0.0000000e+00   4.5825056e+00
   2.5007970e-01   2.3328276e+00   2.5007970e-01  -2.3328276e+00  -2.5001594e+00   0.0000000e+00   5.2541462e+00
   2.6389708e-01   2.5077360e+00   2.6389708e-01  -2.5077360e+00  -2.5277942e+00   0.0000000e+00   6.0242265e+00
   2.7768460e-01   2.6924411e+00   2.7768460e-01  -2.6924411e+00  -2.5553692e+00   0.0000000e+00   6.9071746e+00
   2.9137152e-01   2.8878558e+00   2.9137152e-01  -2.8878558e+00  -2.5827430e+00   0.0000000e+00   7.9195331e+00
   3.0488725e-01   3.0949454e+00   3.0488725e-01  -3.0949454e+00  -2.6097745e+00   0.0000000e+00   9.0802692e+00
   3.1816252e-01   3.3147341e+00   3.1816252e-01  -3.3147341e+00  -2.6363250e+00   0.0000000e+00   1.0411130e+01
   3.3113062e-01   3.5483116e+00   3.3113062e-01  -3.5483116e+00  -2.6622612e+00   0.0000000e+00   1.1937050e+01
   3.4372865e-01   3.7968383e+00   3.4372865e-01  -3.7968383e+00  -2.6874573e+00   0.0000000e+00   1.3686618e+01
   3.5589873e-01   4.0615515e+00   3.5589873e-01  -4.0615515e+00  -2.7117975e+00   0.0000000e+00   1.5692614e+01
   3.6758913e-01   4.3437706e+00   3.6758913e-01  -4.3437706e+00  -2.7351783e+00   0.0000000e+00   1.7992621e+01
   3.7875520e-01   4.6449025e+00   3.7875520e-01  -4.6449025e+00  -2.7575104e+00   0.0000000e+00   2.0629732e+01
   3.8936022e-01   4.9664473e+00   3.8936022e-01  -4.9664473e+00  -2.7787204e+00   0.0000000e+00   2.3653354e+01
   3.9937588e-01   5.3100041e+00   3.9937588e-01  -5.3100041e+00  -2.7987518e+00   0.0000000e+00   2.7120137e+01
   4.0878258e-01   5.6772768e+00   4.0878258e-01  -5.6772768e+00  -2.8175652e+00   0.0000000e+00   3.1095032e+01
   4.1756939e-01   6.0700811e+00   4.1756939e-01  -6.0700811e+00  -2.8351388e+00   0.0000000e+00   3.5652514e+01
   4.2573380e-01   6.4903506e+00   4.2573380e-01  -6.4903506e+00  -2.8514676e+00   0.0000000e+00   4.0877968e+01
   4.3328111e-01   6.9401455e+00   4.3328111e-01  -6.9401455e+00  -2.8665622e+00   0.0000000e+00   4.6869298e+01
   4.4022372e-01   7.4216601e+00   4.4022372e-01  -7.4216601e+00  -2.8804474e+00   0.0000000e+00   5.3738754e+01
   4.4658018e-01   7.9372326e+00   4.4658018e-01  -7.9372326e+00  -2.8931604e+00   0.0000000e+00   6.1615040e+01
   4.5237417e-01   8.4893549e+00   4.5237417e-01  -8.4893549e+00  -2.9047483e+00   0.0000000e+00   7.0645723e+01
   4.5763342e-01   9.0806838e+00   4.5763342e-01  -9.0806838e+00  -2.9152668e+00   0.0000000e+00   8.1000000e+01
   4.9987909e-01   1.8184897e+02   4.9987909e-01  -1.8184897e+02  -2.9997582e+00   0.0000000e+00   3.3067299e+04
             Inf   0.0000000e+00             Inf   0.0000000e+00  -3.0000000e+00   0.0000000e+00             Inf
