   0.0000000e+00   0.0000000e+00  -1.0000000e+00   0.0000000e+00   1.0000000e+00   0.0000000e+00   0.0000000e+00
   2.2337486e-02   0.0000000e+00  -1.0104861e+00   0.0000000e+00   8.9686877e-01   0.0000000e+00   9.1279886e-02
   2.5421728e-02   0.0000000e+00  -1.0118223e+00   0.0000000e+00   8.8388569e-01   0.0000000e+00   1.0251489e-01
   2.8989306e-02   0.0000000e+00  -1.0133353e+00   0.0000000e+00   8.6921322e-01   0.0000000e+00   1.1513274e-01
   3.3135275e-02   0.0000000e+00  -1.0150502e+00   0.0000000e+00   8.5261128e-01   0.0000000e+00   1.2930362e-01
   3.7980554e-02   0.0000000e+00  -1.0169963e+00   0.0000000e+00   8.3379704e-01   0.0000000e+00   1.4521870e-01
   4.3682006e-02   0.0000000e+00  -1.0192078e+00   0.0000000e+00   8.1243308e-01   0.0000000e+00   1.6309266e-01
   5.0448026e-02   0.0000000e+00  -1.0217245e+00   0.0000000e+00   7.8810987e-01   0.0000000e+00   1.8316660e-01
   5.8563826e-02   0.0000000e+00  -1.0245936e+00   0.0000000e+00   7.6031847e-01   0.0000000e+00   2.0571131e-01
   6.8434802e-02   0.0000000e+00  -1.0278708e+00   0.0000000e+00   7.2840508e-01   0.0000000e+00   2.3103088e-01
   8.0666751e-02   0.0000000e+00  -1.0316223e+00   0.0000000e+00   6.9148868e-01   0.0000000e+00   2.5946686e-01
   9.6229922e-02   0.0000000e+00  -1.0359277e+00   0.0000000e+00   6.4829495e-01   0.0000000e+00   2.9140283e-01
   1.1684707e-01   0.0000000e+00  -1.0408830e+00   0.0000000e+00   5.9676636e-01   0.0000000e+00   3.2726957e-01
   1.4615241e-01   0.0000000e+00  -1.0466051e+00   0.0000000e+00   5.3290175e-01   0.0000000e+00   3.6755091e-01
   1.9523244e-01   0.0000000e+00  -1.0532374e+00   0.0000000e+00   4.4521478e-01   0.0000000e+00   4.1279019e-01
   2.9182910e-01   0.0000000e+00  -1.0582643e+00   0.0000000e+00   3.2034518e-01   0.0000000e+00   4.4608997e-01
   3.0589800e-01   0.0000000e+00  -1.0583325e+00   0.0000000e+00   3.0589801e-01   0.0000000e+00   4.4653651e-01
   3.0570888e-01   1.4254816e-02  -1.0584008e+00   0.0000000e+00   3.0570888e-01  -1.4254816e-02   4.4698305e-01
   2.9868021e-01   8.7741353e-02  -1.0609581e+00   0.0000000e+00   2.9868021e-01  -8.7741353e-02   4.6359766e-01
   2.7466580e-01   1.8021144e-01  -1.0699903e+00   0.0000000e+00   2.7466580e-01  -1.8021144e-01   5.2065866e-01
   2.4793712e-01   2.4194124e-01  -1.0806172e+00   0.0000000e+00   2.4793712e-01  -2.4194124e-01   5.8474291e-01
   2.1824389e-01   2.9257022e-01  -1.0932026e+00   0.0000000e+00   2.1824389e-01  -2.9257022e-01   6.5671484e-01
   1.8533777e-01   3.3652346e-01  -1.1082208e+00   0.0000000e+00   1.8533777e-01  -3.3652346e-01   7.3754530e-01
   1.4898711e-01   3.7537600e-01  -1.1262988e+00   0.0000000e+00   1.4898711e-01  -3.7537600e-01   8.2832462e-01
   1.0900067e-01   4.0962444e-01  -1.1482787e+00   0.0000000e+00   1.0900067e-01  -4.0962444e-01   9.3027732e-01
   6.5265118e-02   4.3918984e-01  -1.1753089e+00   0.0000000e+00   6.5265118e-02  -4.3918984e-01   1.0447787e+00
   1.7802858e-02   4.6360485e-01  -1.2089789e+00   0.0000000e+00   1.7802858e-02  -4.6360485e-01   1.1733732e+00
  -3.3141454e-02   4.8210528e-01  -1.2515126e+00   0.0000000e+00  -3.3141454e-02  -4.8210528e-01   1.3177956e+00
  -8.6979241e-02   4.9371299e-01  -1.3060353e+00   0.0000000e+00  -8.6979241e-02  -4.9371299e-01   1.4799938e+00
  -1.4262819e-01   4.9737472e-01  -1.3768996e+00   0.0000000e+00  -1.4262819e-01  -4.9737472e-01   1.6621560e+00
  -1.9838225e-01   4.9222264e-01  -1.4699747e+00   0.0000000e+00  -1.9838225e-01  -4.9222264e-01   1.8667392e+00
  -2.5192849e-01   4.7798825e-01  -1.5926461e+00   0.0000000e+00  -2.5192849e-01  -4.7798825e-01   2.0965031e+00
  -3.0069738e-01   4.5545249e-01  -1.7531523e+00   0.0000000e+00  -3.0069738e-01  -4.5545249e-01   2.3545470e+00
  -3.4258364e-01   4.2658504e-01  -1.9591846e+00   0.0000000e+00  -3.4258364e-01  -4.2658504e-01   2.6443518e+00
  -3.7664897e-01   3.9406328e-01  -2.2165288e+00   0.0000000e+00  -3.7664897e-01  -3.9406328e-01   2.9698267e+00
  -4.0324793e-01   3.6041318e-01  -2.5288661e+00   0.0000000e+00  -4.0324793e-01  -3.6041318e-01   3.3353620e+00
  -4.2354806e-01   3.2740472e-01  -2.8987923e+00   0.0000000e+00  -4.2354806e-01  -3.2740472e-01   3.7458885e+00
  -4.3893154e-01   2.9597117e-01  -3.3290807e+00   0.0000000e+00  -4.3893154e-01  -2.9597117e-01   4.2069438e+00
  -4.5063194e-01   2.6643184e-01  -3.8234833e+00   0.0000000e+00  -4.5063194e-01  -2.6643184e-01   4.7247472e+00
  -4.5961760e-01   2.3874603e-01  -4.3870482e+00   0.0000000e+00  -4.5961760e-01  -2.3874603e-01   5.3062834e+00
  -4.6660430e-01   2.1268705e-01  -5.0261883e+00   0.0000000e+00  -4.6660430e-01  -2.1268705e-01   5.9593969e+00
  -4.7210828e-01   1.8793255e-01  -5.7486810e+00   0.0000000e+00  -4.7210828e-01  -1.8793255e-01   6.6928976e+00
  -4.7649979e-01   1.6409306e-01  -6.5636801e+00   0.0000000e+00  -4.7649979e-01  -1.6409306e-01   7.5166797e+00
  -4.8004561e-01   1.4069006e-01  -7.4817643e+00   0.0000000e+00  -4.8004561e-01  -1.4069006e-01   8.4418555e+00
  -4.8293980e-01   1.1706391e-01  -8.5150251e+00   0.0000000e+00  -4.8293980e-01  -1.1706391e-01   9.4809047e+00
  -4.8532528e-01   9.2099701e-02  -9.6771927e+00   0.0000000e+00  -4.8532528e-01  -9.2099701e-02   1.0647843e+01
  -4.8730867e-01   6.3143744e-02  -1.0983795e+01   0.0000000e+00  -4.8730867e-01  -6.3143744e-02   1.1958412e+01
  -4.8897058e-01   1.0150686e-02  -1.2452349e+01   0.0000000e+00  -4.8897058e-01  -1.0150686e-02   1.3430290e+01
  -4.8900094e-01   5.5695913e-03  -1.2483455e+01   0.0000000e+00  -4.8900094e-01  -5.5695913e-03   1.3461457e+01
  -4.8901400e-01   0.0000000e+00  -1.2496904e+01   0.0000000e+00  -4.8901403e-01   0.0000000e+00   1.3474932e+01
  -4.8346367e-01   0.0000000e+00  -1.2510353e+01   0.0000000e+00  -4.9459044e-01   0.0000000e+00   1.3488407e+01
  -4.3324000e-01   0.0000000e+00  -1.4102585e+01   0.0000000e+00  -5.4750543e-01   0.0000000e+00   1.5083331e+01
  -4.1287431e-01   0.0000000e+00  -1.5956707e+01   0.0000000e+00  -5.7025151e-01   0.0000000e+00   1.6939833e+01
  -3.9906760e-01   0.0000000e+00  -1.8039681e+01   0.0000000e+00  -5.8608974e-01   0.0000000e+00   1.9024839e+01
  -3.8868902e-01   0.0000000e+00  -2.0379574e+01   0.0000000e+00  -5.9821037e-01   0.0000000e+00   2.1366474e+01
  -3.8049824e-01   0.0000000e+00  -2.3007924e+01   0.0000000e+00  -6.0790131e-01   0.0000000e+00   2.3996324e+01
  -3.7384528e-01   0.0000000e+00  -2.5960168e+01   0.0000000e+00  -6.1585099e-01   0.0000000e+00   2.6949864e+01
  -3.3472807e-01   0.0000000e+00  -5.1820480e+02   0.0000000e+00  -6.6383844e-01   0.0000000e+00   5.1920336e+02
  -3.3300000e-01   0.0000000e+00             Inf   0.0000000e+00  -6.6600000e-01   0.0000000e+00             Inf
