  -3.0000000e+00   1.0000000e+00  -3.0000000e+00  -1.0000000e+00  -1.0000000e+00   1.0000000e+00  -1.0000000e+00  -1.0000000e+00   0.0000000e+00
  -3.0370818e+00   6.2985713e-01  -3.0370818e+00  -6.2985713e-01  -1.1210462e+00   1.0416879e+00  -1.1210462e+00  -1.0416879e+00   3.1625599e-01
  -3.0396399e+00   5.8977269e-01  -3.0396399e+00  -5.8977269e-01  -1.1302009e+00   1.0450819e+00  -1.1302009e+00  -1.0450819e+00   3.3968179e-01
  -3.0423636e+00   5.4281112e-01  -3.0423636e+00  -5.4281112e-01  -1.1400578e+00   1.0487996e+00  -1.1400578e+00  -1.0487996e+00   3.6484280e-01
  -3.0452641e+00   4.8654773e-01  -3.0452641e+00  -4.8654773e-01  -1.1506696e+00   1.0528831e+00  -1.1506696e+00  -1.0528831e+00   3.9186755e-01
  -3.0483548e+00   4.1666615e-01  -3.0483548e+00  -4.1666615e-01  -1.1620923e+00   1.0573818e+00  -1.1620923e+00  -1.0573818e+00   4.2089407e-01
  -3.0516517e+00   3.2366881e-01  -3.0516517e+00  -3.2366881e-01  -1.1743836e+00   1.0623548e+00  -1.1743836e+00  -1.0623548e+00   4.5207066e-01
  -3.0551758e+00   1.7203239e-01  -3.0551758e+00  -1.7203239e-01  -1.1876025e+00   1.0678723e+00  -1.1876025e+00  -1.0678723e+00   4.8555657e-01
  -3.0564926e+00   3.3699829e-02  -3.0564926e+00  -3.3699829e-02  -1.1925529e+00   1.0699876e+00  -1.1925529e+00  -1.0699876e+00   4.9809100e-01
  -3.0565450e+00   4.1528814e-08  -3.0565450e+00  -4.1528814e-08  -1.1927498e+00   1.0700723e+00  -1.1927498e+00  -1.0700723e+00   4.9858959e-01
  -3.0228934e+00   0.0000000e+00  -3.0903013e+00   0.0000000e+00  -1.1929468e+00   1.0701570e+00  -1.1929468e+00  -1.0701570e+00   4.9908818e-01
  -2.8297469e+00   0.0000000e+00  -3.2881615e+00   0.0000000e+00  -1.2018072e+00   1.0740185e+00  -1.2018072e+00  -1.0740185e+00   5.2152286e-01
  -2.6857399e+00   0.0000000e+00  -3.4403084e+00   0.0000000e+00  -1.2170525e+00   1.0808939e+00  -1.2170525e+00  -1.0808939e+00   5.6015326e-01
  -2.5769261e+00   0.0000000e+00  -3.5579489e+00   0.0000000e+00  -1.2333850e+00   1.0886180e+00  -1.2333850e+00  -1.0886180e+00   6.0164509e-01
  -2.4822326e+00   0.0000000e+00  -3.6623020e+00   0.0000000e+00  -1.2508378e+00   1.0973322e+00  -1.2508378e+00  -1.0973322e+00   6.4621032e-01
  -2.3950961e+00   0.0000000e+00  -3.7601382e+00   0.0000000e+00  -1.2694211e+00   1.1071999e+00  -1.2694211e+00  -1.1071999e+00   6.9407660e-01
  -2.3125480e+00   0.0000000e+00  -3.8547185e+00   0.0000000e+00  -1.2891110e+00   1.1184059e+00  -1.2891110e+00  -1.1184059e+00   7.4548845e-01
  -2.2330697e+00   0.0000000e+00  -3.9479669e+00   0.0000000e+00  -1.3098359e+00   1.1311494e+00  -1.3098359e+00  -1.1311494e+00   8.0070849e-01
  -2.1559124e+00   0.0000000e+00  -4.0411807e+00   0.0000000e+00  -1.3314629e+00   1.1456311e+00  -1.3314629e+00  -1.1456311e+00   8.6001880e-01
  -2.0808228e+00   0.0000000e+00  -4.1353262e+00   0.0000000e+00  -1.3537866e+00   1.1620297e+00  -1.3537866e+00  -1.1620297e+00   9.2372236e-01
  -2.0079019e+00   0.0000000e+00  -4.2311828e+00   0.0000000e+00  -1.3765299e+00   1.1804721e+00  -1.3765299e+00  -1.1804721e+00   9.9214460e-01
  -1.9374955e+00   0.0000000e+00  -4.3294211e+00   0.0000000e+00  -1.3993592e+00   1.2009996e+00  -1.3993592e+00  -1.2009996e+00   1.0656350e+00
  -1.8700820e+00   0.0000000e+00  -4.4306491e+00   0.0000000e+00  -1.4219189e+00   1.2235426e+00  -1.4219189e+00  -1.2235426e+00   1.1445691e+00
  -1.8061520e+00   0.0000000e+00  -4.5354425e+00   0.0000000e+00  -1.4438777e+00   1.2479161e+00  -1.4438777e+00  -1.2479161e+00   1.2293499e+00
  -1.7461028e+00   0.0000000e+00  -4.6443641e+00   0.0000000e+00  -1.4649719e+00   1.2738387e+00  -1.4649719e+00  -1.2738387e+00   1.3204107e+00
  -1.6901723e+00   0.0000000e+00  -4.7579789e+00   0.0000000e+00  -1.4850326e+00   1.3009713e+00  -1.4850326e+00  -1.3009713e+00   1.4182165e+00
  -1.6384224e+00   0.0000000e+00  -4.8768650e+00   0.0000000e+00  -1.5039898e+00   1.3289594e+00  -1.5039898e+00  -1.3289594e+00   1.5232671e+00
  -1.5907612e+00   0.0000000e+00  -5.0016232e+00   0.0000000e+00  -1.5218573e+00   1.3574686e+00  -1.5218573e+00  -1.3574686e+00   1.6360990e+00
  -1.5469868e+00   0.0000000e+00  -5.1328845e+00   0.0000000e+00  -1.5387086e+00   1.3862044e+00  -1.5387086e+00  -1.3862044e+00   1.7572886e+00
  -1.5068318e+00   0.0000000e+00  -5.2713169e+00   0.0000000e+00  -1.5546531e+00   1.4149206e+00  -1.5546531e+00  -1.4149206e+00   1.8874549e+00
  -1.4700006e+00   0.0000000e+00  -5.4176321e+00   0.0000000e+00  -1.5698152e+00   1.4434169e+00  -1.5698152e+00  -1.4434169e+00   2.0272631e+00
  -1.4361951e+00   0.0000000e+00  -5.5725915e+00   0.0000000e+00  -1.5843203e+00   1.4715336e+00  -1.5843203e+00  -1.4715336e+00   2.1774271e+00
  -1.4051305e+00   0.0000000e+00  -5.7370116e+00   0.0000000e+00  -1.5982860e+00   1.4991434e+00  -1.5982860e+00  -1.4991434e+00   2.3387141e+00
  -1.3765437e+00   0.0000000e+00  -5.9117703e+00   0.0000000e+00  -1.6118170e+00   1.5261451e+00  -1.6118170e+00  -1.5261451e+00   2.5119480e+00
  -1.3501964e+00   0.0000000e+00  -6.0978117e+00   0.0000000e+00  -1.6250028e+00   1.5524569e+00  -1.6250028e+00  -1.5524569e+00   2.6980138e+00
  -1.3258755e+00   0.0000000e+00  -6.2961521e+00   0.0000000e+00  -1.6379171e+00   1.5780127e+00  -1.6379171e+00  -1.5780127e+00   2.8978618e+00
  -1.3033916e+00   0.0000000e+00  -6.5078856e+00   0.0000000e+00  -1.6506179e+00   1.6027582e+00  -1.6506179e+00  -1.6027582e+00   3.1125131e+00
  -1.2825770e+00   0.0000000e+00  -6.7341890e+00   0.0000000e+00  -1.6631490e+00   1.6266488e+00  -1.6631490e+00  -1.6266488e+00   3.3430641e+00
  -1.2632834e+00   0.0000000e+00  -6.9763277e+00   0.0000000e+00  -1.6755407e+00   1.6496483e+00  -1.6755407e+00  -1.6496483e+00   3.5906925e+00
  -1.2453791e+00   0.0000000e+00  -7.2356614e+00   0.0000000e+00  -1.6878114e+00   1.6717278e+00  -1.6878114e+00  -1.6717278e+00   3.8566633e+00
  -1.2287473e+00   0.0000000e+00  -7.5136494e+00   0.0000000e+00  -1.6999692e+00   1.6928652e+00  -1.6999692e+00  -1.6928652e+00   4.1423352e+00
  -1.2132841e+00   0.0000000e+00  -7.8118567e+00   0.0000000e+00  -1.7120134e+00   1.7130450e+00  -1.7120134e+00  -1.7130450e+00   4.4491675e+00
  -1.1988963e+00   0.0000000e+00  -8.1319602e+00   0.0000000e+00  -1.7239355e+00   1.7322579e+00  -1.7239355e+00  -1.7322579e+00   4.7787275e+00
  -1.1855003e+00   0.0000000e+00  -8.4757553e+00   0.0000000e+00  -1.7357216e+00   1.7505010e+00  -1.7357216e+00  -1.7505010e+00   5.1326988e+00
  -1.1730210e+00   0.0000000e+00  -8.8451625e+00   0.0000000e+00  -1.7473531e+00   1.7677774e+00  -1.7473531e+00  -1.7677774e+00   5.5128896e+00
  -1.1613902e+00   0.0000000e+00  -9.2422355e+00   0.0000000e+00  -1.7588082e+00   1.7840961e+00  -1.7588082e+00  -1.7840961e+00   5.9212420e+00
  -1.1505461e+00   0.0000000e+00  -9.6691692e+00   0.0000000e+00  -1.7700633e+00   1.7994717e+00  -1.7700633e+00  -1.7994717e+00   6.3598419e+00
  -1.1404324e+00   0.0000000e+00  -1.0128309e+01   0.0000000e+00  -1.7810942e+00   1.8139240e+00  -1.7810942e+00  -1.8139240e+00   6.8309300e+00
  -1.1309976e+00   0.0000000e+00  -1.0622161e+01   0.0000000e+00  -1.7918769e+00   1.8274775e+00  -1.7918769e+00  -1.8274775e+00   7.3369126e+00
  -1.1221944e+00   0.0000000e+00  -1.1153403e+01   0.0000000e+00  -1.8023885e+00   1.8401605e+00  -1.8023885e+00  -1.8401605e+00   7.8803746e+00
  -1.1139794e+00   0.0000000e+00  -1.1724897e+01   0.0000000e+00  -1.8126078e+00   1.8520053e+00  -1.8126078e+00  -1.8520053e+00   8.4640920e+00
  -1.1063126e+00   0.0000000e+00  -1.2339702e+01   0.0000000e+00  -1.8225163e+00   1.8630465e+00  -1.8225163e+00  -1.8630465e+00   9.0910467e+00
  -1.0991568e+00   0.0000000e+00  -1.3001089e+01   0.0000000e+00  -1.8320977e+00   1.8733212e+00  -1.8320977e+00  -1.8733212e+00   9.7644414e+00
  -1.0924777e+00   0.0000000e+00  -1.3712560e+01   0.0000000e+00  -1.8413392e+00   1.8828678e+00  -1.8413392e+00  -1.8828678e+00   1.0487716e+01
  -1.0036410e+00   0.0000000e+00  -2.7726205e+02   0.0000000e+00  -1.9927503e+00   1.9963058e+00  -1.9927503e+00  -1.9963058e+00   2.7425120e+02
  -1.0000000e+00   0.0000000e+00             Inf   0.0000000e+00  -2.0000000e+00   2.0000000e+00  -2.0000000e+00  -2.0000000e+00             Inf
