  -1.0000000e+00   0.0000000e+00   1.0000000e+00   0.0000000e+00  -3.0000000e+00   0.0000000e+00   0.0000000e+00
  -9.2527137e-01   0.0000000e+00   8.9086539e-01   0.0000000e+00  -2.9655940e+00   0.0000000e+00   2.7774194e-01
  -9.1528083e-01   0.0000000e+00   8.7669434e-01   0.0000000e+00  -2.9614135e+00   0.0000000e+00   3.1184902e-01
  -9.0382245e-01   0.0000000e+00   8.6055417e-01   0.0000000e+00  -2.9567317e+00   0.0000000e+00   3.5014451e-01
  -8.9063868e-01   0.0000000e+00   8.4212912e-01   0.0000000e+00  -2.9514904e+00   0.0000000e+00   3.9314273e-01
  -8.7541233e-01   0.0000000e+00   8.2103759e-01   0.0000000e+00  -2.9456253e+00   0.0000000e+00   4.4142119e-01
  -8.5774713e-01   0.0000000e+00   7.9681221e-01   0.0000000e+00  -2.9390651e+00   0.0000000e+00   4.9562831e-01
  -8.3713939e-01   0.0000000e+00   7.6887107e-01   0.0000000e+00  -2.9317317e+00   0.0000000e+00   5.5649214e-01
  -8.1293500e-01   0.0000000e+00   7.3647430e-01   0.0000000e+00  -2.9235393e+00   0.0000000e+00   6.2483013e-01
  -7.8426125e-01   0.0000000e+00   6.9865560e-01   0.0000000e+00  -2.9143943e+00   0.0000000e+00   7.0156012e-01
  -7.4991212e-01   0.0000000e+00   6.5410737e-01   0.0000000e+00  -2.9041953e+00   0.0000000e+00   7.8771266e-01
  -7.0813993e-01   0.0000000e+00   6.0097249e-01   0.0000000e+00  -2.8928326e+00   0.0000000e+00   8.8444485e-01
  -6.5623578e-01   0.0000000e+00   5.3642516e-01   0.0000000e+00  -2.8801894e+00   0.0000000e+00   9.9305588e-01
  -5.8954737e-01   0.0000000e+00   4.5568969e-01   0.0000000e+00  -2.8661423e+00   0.0000000e+00   1.1150045e+00
  -4.9855061e-01   0.0000000e+00   3.4911368e-01   0.0000000e+00  -2.8505631e+00   0.0000000e+00   1.2519286e+00
  -3.5451054e-01   0.0000000e+00   1.8783146e-01   0.0000000e+00  -2.8333209e+00   0.0000000e+00   1.4056671e+00
  -1.2160437e-01   0.0000000e+00  -5.6589147e-02   0.0000000e+00  -2.8218065e+00   0.0000000e+00   1.5097091e+00
  -8.9179936e-02   0.0000000e+00  -8.9179899e-02   0.0000000e+00  -2.8216402e+00   0.0000000e+00   1.5112203e+00
  -8.9263063e-02   3.2509378e-02  -8.9263063e-02  -3.2509378e-02  -2.8214739e+00   0.0000000e+00   1.5127316e+00
  -9.2856747e-02   2.1682149e-01  -9.2856747e-02  -2.1682149e-01  -2.8142865e+00   0.0000000e+00   1.5782849e+00
  -1.0333150e-01   4.2911964e-01  -1.0333150e-01  -4.2911964e-01  -2.7933370e+00   0.0000000e+00   1.7721004e+00
  -1.1481834e-01   5.8340081e-01  -1.1481834e-01  -5.8340081e-01  -2.7703633e+00   0.0000000e+00   1.9897168e+00
  -1.2736032e-01   7.2010886e-01  -1.2736032e-01  -7.2010886e-01  -2.7452794e+00   0.0000000e+00   2.2340567e+00
  -1.4098308e-01   8.4978358e-01  -1.4098308e-01  -8.4978358e-01  -2.7180338e+00   0.0000000e+00   2.5084019e+00
  -1.5568792e-01   9.7725419e-01  -1.5568792e-01  -9.7725419e-01  -2.6886242e+00   0.0000000e+00   2.8164371e+00
  -1.7144399e-01   1.1053572e+00  -1.7144399e-01  -1.1053572e+00  -2.6571120e+00   0.0000000e+00   3.1622994e+00
  -1.8818056e-01   1.2360366e+00  -1.8818056e-01  -1.2360366e+00  -2.6236389e+00   0.0000000e+00   3.5506341e+00
  -2.0578049e-01   1.3707701e+00  -2.0578049e-01  -1.3707701e+00  -2.5884390e+00   0.0000000e+00   3.9866567e+00
  -2.2407687e-01   1.5107593e+00  -2.2407687e-01  -1.5107593e+00  -2.5518463e+00   0.0000000e+00   4.4762236e+00
  -2.4285466e-01   1.6570206e+00  -2.4285466e-01  -1.6570206e+00  -2.5142907e+00   0.0000000e+00   5.0259100e+00
  -2.6185899e-01   1.8104295e+00  -2.6185899e-01  -1.8104295e+00  -2.4762820e+00   0.0000000e+00   5.6430985e+00
  -2.8081046e-01   1.9717453e+00  -2.8081046e-01  -1.9717453e+00  -2.4383791e+00   0.0000000e+00   6.3360787e+00
  -2.9942566e-01   2.1416281e+00  -2.9942566e-01  -2.1416281e+00  -2.4011487e+00   0.0000000e+00   7.1141578e+00
  -3.1743965e-01   2.3206576e+00  -3.1743965e-01  -2.3206576e+00  -2.3651207e+00   0.0000000e+00   7.9877860e+00
  -3.3462577e-01   2.5093556e+00  -3.3462577e-01  -2.5093556e+00  -2.3307485e+00   0.0000000e+00   8.9686970e+00
  -3.5080923e-01   2.7082118e+00  -3.5080923e-01  -2.7082118e+00  -2.2983815e+00   0.0000000e+00   1.0070065e+01
  -3.6587272e-01   2.9177106e+00  -3.6587272e-01  -2.9177106e+00  -2.2682546e+00   0.0000000e+00   1.1306683e+01
  -3.7975440e-01   3.1383551e+00  -3.7975440e-01  -3.1383551e+00  -2.2404912e+00   0.0000000e+00   1.2695159e+01
  -3.9244054e-01   3.3706865e+00  -3.9244054e-01  -3.3706865e+00  -2.2151189e+00   0.0000000e+00   1.4254142e+01
  -4.0395535e-01   3.6152977e+00  -4.0395535e-01  -3.6152977e+00  -2.1920893e+00   0.0000000e+00   1.6004570e+01
  -4.1435029e-01   3.8728425e+00  -4.1435029e-01  -3.8728425e+00  -2.1712994e+00   0.0000000e+00   1.7969953e+01
  -4.2369445e-01   4.1440405e+00  -4.2369445e-01  -4.1440405e+00  -2.1526111e+00   0.0000000e+00   2.0176687e+01
  -4.3206667e-01   4.4296791e+00  -4.3206667e-01  -4.4296791e+00  -2.1358667e+00   0.0000000e+00   2.2654412e+01
  -4.3954958e-01   4.7306150e+00  -4.3954958e-01  -4.7306150e+00  -2.1209008e+00   0.0000000e+00   2.5436404e+01
  -4.4622546e-01   5.0477746e+00  -4.4622546e-01  -5.0477746e+00  -2.1075491e+00   0.0000000e+00   2.8560029e+01
  -4.5217347e-01   5.3821540e+00  -4.5217347e-01  -5.3821540e+00  -2.0956531e+00   0.0000000e+00   3.2067240e+01
  -4.5746801e-01   5.7348203e+00  -4.5746801e-01  -5.7348203e+00  -2.0850640e+00   0.0000000e+00   3.6005141e+01
  -4.6217783e-01   6.1069124e+00  -4.6217783e-01  -6.1069124e+00  -2.0756443e+00   0.0000000e+00   4.0426621e+01
  -4.6636575e-01   6.4996432e+00  -4.6636575e-01  -6.4996432e+00  -2.0672685e+00   0.0000000e+00   4.5391065e+01
  -4.7008865e-01   6.9143016e+00  -4.7008865e-01  -6.9143016e+00  -2.0598227e+00   0.0000000e+00   5.0965149e+01
  -4.7339774e-01   7.3522560e+00  -4.7339774e-01  -7.3522560e+00  -2.0532045e+00   0.0000000e+00   5.7223739e+01
  -4.7633886e-01   7.8149571e+00  -4.7633886e-01  -7.8149571e+00  -2.0473223e+00   0.0000000e+00   6.4250892e+01
  -4.7895299e-01   8.3039423e+00  -4.7895299e-01  -8.3039423e+00  -2.0420940e+00   0.0000000e+00   7.2140989e+01
  -4.8127662e-01   8.8208402e+00  -4.8127662e-01  -8.8208402e+00  -2.0374468e+00   0.0000000e+00   8.1000000e+01
  -4.9995195e-01   1.7667000e+02  -4.9995195e-01  -1.7667000e+02  -2.0000961e+00   0.0000000e+00   3.1215540e+04
             Inf   0.0000000e+00             Inf   0.0000000e+00  -2.0000000e+00   0.0000000e+00             Inf
