  -1.0000000e+00   0.0000000e+00  -2.0000000e+00   0.0000000e+00   0.0000000e+00
  -1.1258343e+00   0.0000000e+00  -1.8741657e+00   0.0000000e+00   1.1000000e-01
  -1.1447523e+00   0.0000000e+00  -1.8552477e+00   0.0000000e+00   1.2379907e-01
  -1.1673278e+00   0.0000000e+00  -1.8326722e+00   0.0000000e+00   1.3932917e-01
  -1.1947255e+00   0.0000000e+00  -1.8052745e+00   0.0000000e+00   1.5680747e-01
  -1.2288512e+00   0.0000000e+00  -1.7711488e+00   0.0000000e+00   1.7647835e-01
  -1.2733215e+00   0.0000000e+00  -1.7266785e+00   0.0000000e+00   1.9861687e-01
  -1.3373119e+00   0.0000000e+00  -1.6626881e+00   0.0000000e+00   2.2353258e-01
  -1.4841886e+00   0.0000000e+00  -1.5158114e+00   0.0000000e+00   2.4975000e-01
  -1.5000000e+00   0.0000000e+00  -1.5000000e+00   0.0000000e+00   2.5000000e-01
  -1.5000000e+00   1.5811388e-02  -1.5000000e+00  -1.5811388e-02   2.5025000e-01
  -1.5000000e+00   3.9671923e-02  -1.5000000e+00  -3.9671923e-02   2.5157386e-01
  -1.5000000e+00   1.8202421e-01  -1.5000000e+00  -1.8202421e-01   2.8313281e-01
  -1.5000000e+00   2.6201281e-01  -1.5000000e+00  -2.6201281e-01   3.1865071e-01
  -1.5000000e+00   3.2958185e-01  -1.5000000e+00  -3.2958185e-01   3.5862419e-01
  -1.5000000e+00   3.9193391e-01  -1.5000000e+00  -3.9193391e-01   4.0361219e-01
  -1.5000000e+00   4.5193335e-01  -1.5000000e+00  -4.5193335e-01   4.5424376e-01
  -1.5000000e+00   5.1110356e-01  -1.5000000e+00  -5.1110356e-01   5.1122685e-01
  -1.5000000e+00   5.7040183e-01  -1.5000000e+00  -5.7040183e-01   5.7535825e-01
  -1.5000000e+00   6.3050352e-01  -1.5000000e+00  -6.3050352e-01   6.4753469e-01
  -1.5000000e+00   6.9192873e-01  -1.5000000e+00  -6.9192873e-01   7.2876537e-01
  -1.5000000e+00   7.5510670e-01  -1.5000000e+00  -7.5510670e-01   8.2018612e-01
  -1.5000000e+00   8.2041164e-01  -1.5000000e+00  -8.2041164e-01   9.2307525e-01
  -1.5000000e+00   8.8818434e-01  -1.5000000e+00  -8.8818434e-01   1.0388714e+00
  -1.5000000e+00   9.5874593e-01  -1.5000000e+00  -9.5874593e-01   1.1691938e+00
  -1.5000000e+00   1.0324071e+00  -1.5000000e+00  -1.0324071e+00   1.3158645e+00
  -1.5000000e+00   1.1094749e+00  -1.5000000e+00  -1.1094749e+00   1.4809346e+00
  -1.5000000e+00   1.1902571e+00  -1.5000000e+00  -1.1902571e+00   1.6667120e+00
  -1.5000000e+00   1.2750665e+00  -1.5000000e+00  -1.2750665e+00   1.8757945e+00
  -1.5000000e+00   1.3642234e+00  -1.5000000e+00  -1.3642234e+00   2.1111055e+00
  -1.5000000e+00   1.4580588e+00  -1.5000000e+00  -1.4580588e+00   2.3759354e+00
  -1.5000000e+00   1.5569159e+00  -1.5000000e+00  -1.5569159e+00   2.6739872e+00
  -1.5000000e+00   1.6611527e+00  -1.5000000e+00  -1.6611527e+00   3.0094284e+00
  -1.5000000e+00   1.7711435e+00  -1.5000000e+00  -1.7711435e+00   3.3869493e+00
  -1.5000000e+00   1.8872808e+00  -1.5000000e+00  -1.8872808e+00   3.8118288e+00
  -1.5000000e+00   2.0099771e+00  -1.5000000e+00  -2.0099771e+00   4.2900078e+00
  -1.5000000e+00   2.1396664e+00  -1.5000000e+00  -2.1396664e+00   4.8281724e+00
  -1.5000000e+00   2.2768065e+00  -1.5000000e+00  -2.2768065e+00   5.4338477e+00
  -1.5000000e+00   2.4218800e+00  -1.5000000e+00  -2.4218800e+00   6.1155025e+00
  -1.5000000e+00   2.5753967e+00  -1.5000000e+00  -2.5753967e+00   6.8826683e+00
  -1.5000000e+00   2.7378955e+00  -1.5000000e+00  -2.7378955e+00   7.7460720e+00
  -1.5000000e+00   2.9099461e+00  -1.5000000e+00  -2.9099461e+00   8.7177863e+00
  -1.5000000e+00   3.0921511e+00  -1.5000000e+00  -3.0921511e+00   9.8113984e+00
  -1.5000000e+00   3.2851484e+00  -1.5000000e+00  -3.2851484e+00   1.1042200e+01
  -1.5000000e+00   3.4896132e+00  -1.5000000e+00  -3.4896132e+00   1.2427400e+01
  -1.5000000e+00   3.7062608e+00  -1.5000000e+00  -3.7062608e+00   1.3986369e+01
  -1.5000000e+00   3.9358486e+00  -1.5000000e+00  -3.9358486e+00   1.5740904e+01
  -1.5000000e+00   4.1791792e+00  -1.5000000e+00  -4.1791792e+00   1.7715539e+01
  -1.5000000e+00   4.4371030e+00  -1.5000000e+00  -4.4371030e+00   1.9937883e+01
  -1.5000000e+00   4.7105215e+00  -1.5000000e+00  -4.7105215e+00   2.2439012e+01
  -1.5000000e+00   5.0003898e+00  -1.5000000e+00  -5.0003898e+00   2.5253898e+01
  -1.5000000e+00   5.3077209e+00  -1.5000000e+00  -5.3077209e+00   2.8421901e+01
  -1.5000000e+00   5.6335883e+00  -1.5000000e+00  -5.6335883e+00   3.1987317e+01
  -1.5000000e+00   5.9791304e+00  -1.5000000e+00  -5.9791304e+00   3.6000000e+01
  -1.5000000e+00   1.2328727e+02  -1.5000000e+00  -1.2328727e+02   1.5200000e+04
             Inf   0.0000000e+00             Inf   0.0000000e+00             Inf
