  -1.0000000e+00   0.0000000e+00  -2.0000000e+00   0.0000000e+00   0.0000000e+00
  -1.1113236e+00   0.0000000e+00  -1.9410573e+00   0.0000000e+00   5.2380952e-02
  -1.1253629e+00   0.0000000e+00  -1.9331269e+00   0.0000000e+00   5.8489738e-02
  -1.1413756e+00   0.0000000e+00  -1.9239354e+00   0.0000000e+00   6.5310944e-02
  -1.1597171e+00   0.0000000e+00  -1.9132106e+00   0.0000000e+00   7.2927655e-02
  -1.1808429e+00   0.0000000e+00  -1.9005897e+00   0.0000000e+00   8.1432643e-02
  -1.2053577e+00   0.0000000e+00  -1.8855718e+00   0.0000000e+00   9.0929503e-02
  -1.2341024e+00   0.0000000e+00  -1.8674315e+00   0.0000000e+00   1.0153391e-01
  -1.2683285e+00   0.0000000e+00  -1.8450466e+00   0.0000000e+00   1.1337502e-01
  -1.3100969e+00   0.0000000e+00  -1.8165002e+00   0.0000000e+00   1.2659708e-01
  -1.3634269e+00   0.0000000e+00  -1.7779342e+00   0.0000000e+00   1.4136111e-01
  -1.4394299e+00   0.0000000e+00  -1.7184171e+00   0.0000000e+00   1.5784697e-01
  -1.5701235e+00   0.0000000e+00  -1.6012778e+00   0.0000000e+00   1.7140130e-01
  -1.5857864e+00   1.3562735e-08  -1.5857864e+00  -1.3562735e-08   1.7157288e-01
  -1.5858722e+00   1.5576692e-02  -1.5858722e+00  -1.5576692e-02   1.7174445e-01
  -1.5881277e+00   8.1342877e-02  -1.5881277e+00  -8.1342877e-02   1.7625544e-01
  -1.5984054e+00   1.8850068e-01  -1.5984054e+00  -1.8850068e-01   1.9681075e-01
  -1.6098816e+00   2.5994408e-01  -1.6098816e+00  -2.5994408e-01   2.1976326e-01
  -1.6226963e+00   3.2098981e-01  -1.6226963e+00  -3.2098981e-01   2.4539256e-01
  -1.6370054e+00   3.7715476e-01  -1.6370054e+00  -3.7715476e-01   2.7401079e-01
  -1.6529833e+00   4.3075045e-01  -1.6529833e+00  -4.3075045e-01   3.0596655e-01
  -1.6708245e+00   4.8300371e-01  -1.6708245e+00  -4.8300371e-01   3.4164907e-01
  -1.6907465e+00   5.3465430e-01  -1.6907465e+00  -5.3465430e-01   3.8149296e-01
  -1.7129918e+00   5.8618240e-01  -1.7129918e+00  -5.8618240e-01   4.2598353e-01
  -1.7378313e+00   6.3791088e-01  -1.7378313e+00  -6.3791088e-01   4.7566270e-01
  -1.7655678e+00   6.9005586e-01  -1.7655678e+00  -6.9005586e-01   5.3113556e-01
  -1.7965389e+00   7.4275257e-01  -1.7965389e+00  -7.4275257e-01   5.9307780e-01
  -1.8311219e+00   7.9606788e-01  -1.8311219e+00  -7.9606788e-01   6.6224388e-01
  -1.8697381e+00   8.5000477e-01  -1.8697381e+00  -8.5000477e-01   7.3947626e-01
  -1.9128578e+00   9.0450091e-01  -1.9128578e+00  -9.0450091e-01   8.2571566e-01
  -1.9610062e+00   9.5942273e-01  -1.9610062e+00  -9.5942273e-01   9.2201249e-01
  -2.0147698e+00   1.0145548e+00  -2.0147698e+00  -1.0145548e+00   1.0295397e+00
  -2.0748035e+00   1.0695847e+00  -2.0748035e+00  -1.0695847e+00   1.1496069e+00
  -2.1418384e+00   1.1240812e+00  -2.1418384e+00  -1.1240812e+00   1.2836767e+00
  -2.2166910e+00   1.1774664e+00  -2.2166910e+00  -1.1774664e+00   1.4333820e+00
  -2.3002731e+00   1.2289761e+00  -2.3002731e+00  -1.2289761e+00   1.6005463e+00
  -2.3936028e+00   1.2776081e+00  -2.3936028e+00  -1.2776081e+00   1.7872056e+00
  -2.4978168e+00   1.3220484e+00  -2.4978168e+00  -1.3220484e+00   1.9956336e+00
  -2.6141844e+00   1.3605684e+00  -2.6141844e+00  -1.3605684e+00   2.2283689e+00
  -2.7441232e+00   1.3908728e+00  -2.7441232e+00  -1.3908728e+00   2.4882463e+00
  -2.8892156e+00   1.4098677e+00  -2.8892156e+00  -1.4098677e+00   2.7784313e+00
  -3.0512291e+00   1.4132854e+00  -3.0512291e+00  -1.4132854e+00   3.1024582e+00
  -3.2321370e+00   1.3950313e+00  -3.2321370e+00  -1.3950313e+00   3.4642740e+00
  -3.4341427e+00   1.3459272e+00  -3.4341427e+00  -1.3459272e+00   3.8682854e+00
  -3.6597068e+00   1.2509144e+00  -3.6597068e+00  -1.2509144e+00   4.3194137e+00
  -3.7856418e+00   1.1759111e+00  -3.7856418e+00  -1.1759111e+00   4.5712836e+00
  -3.9115768e+00   1.0812159e+00  -3.9115768e+00  -1.0812159e+00   4.8231535e+00
  -4.0521985e+00   9.4492235e-01  -4.0521985e+00  -9.4492235e-01   5.1043971e+00
  -4.1928203e+00   7.5972344e-01  -4.1928203e+00  -7.5972344e-01   5.3856406e+00
  -4.3020598e+00   5.5194221e-01  -4.3020598e+00  -5.5194221e-01   5.6041197e+00
  -4.3566796e+00   3.9927496e-01  -4.3566796e+00  -3.9927496e-01   5.7133592e+00
  -4.4112993e+00   9.0742207e-02  -4.4112993e+00  -9.0742207e-02   5.8225987e+00
  -4.4142135e+00   0.0000000e+00  -4.4142136e+00   0.0000000e+00   5.8284271e+00
  -4.3262920e+00   0.0000000e+00  -4.5079635e+00   0.0000000e+00   5.8342556e+00
  -3.9866358e+00   0.0000000e+00  -5.0270905e+00   0.0000000e+00   6.0137263e+00
  -3.6531969e+00   0.0000000e+00  -6.0618637e+00   0.0000000e+00   6.7150607e+00
  -3.5002593e+00   0.0000000e+00  -6.9979270e+00   0.0000000e+00   7.4981863e+00
  -3.4023945e+00   0.0000000e+00  -7.9702473e+00   0.0000000e+00   8.3726418e+00
  -3.3324099e+00   0.0000000e+00  -9.0166684e+00   0.0000000e+00   9.3490783e+00
  -3.2793272e+00   0.0000000e+00  -1.0160062e+01   0.0000000e+00   1.0439389e+01
  -3.2375493e+00   0.0000000e+00  -1.1419305e+01   0.0000000e+00   1.1656854e+01
  -3.0088740e+00   0.0000000e+00  -2.2837722e+02   0.0000000e+00   2.2838610e+02
  -3.0000000e+00   0.0000000e+00             Inf   0.0000000e+00             Inf
