  -1.0000000e+00   0.0000000e+00  -2.0000000e+00   0.0000000e+00  -3.0000000e+00   0.0000000e+00   0.0000000e+00
  -1.1317636e+00   0.0000000e+00  -1.8340282e+00   0.0000000e+00  -3.0342082e+00   0.0000000e+00   7.4516129e-02
  -1.1597236e+00   0.0000000e+00  -1.8008702e+00   0.0000000e+00  -3.0394062e+00   0.0000000e+00   8.6958853e-02
  -1.1962561e+00   0.0000000e+00  -1.7584301e+00   0.0000000e+00  -3.0453139e+00   0.0000000e+00   1.0147927e-01
  -1.2469754e+00   0.0000000e+00  -1.7010190e+00   0.0000000e+00  -3.0520056e+00   0.0000000e+00   1.1842430e-01
  -1.3294934e+00   0.0000000e+00  -1.6109489e+00   0.0000000e+00  -3.0595577e+00   0.0000000e+00   1.3819882e-01
  -1.4524801e+00   0.0000000e+00  -1.4833974e+00   0.0000000e+00  -3.0641224e+00   0.0000000e+00   1.5049361e-01
  -1.4679111e+00   2.5830097e-08  -1.4679111e+00  -2.5830097e-08  -3.0641778e+00   0.0000000e+00   1.5064425e-01
  -1.4678835e+00   1.5458054e-02  -1.4678835e+00  -1.5458054e-02  -3.0642331e+00   0.0000000e+00   1.5079490e-01
  -1.4659764e+00   1.2968828e-01  -1.4659764e+00  -1.2968828e-01  -3.0680473e+00   0.0000000e+00   1.6127530e-01
  -1.4612247e+00   2.4298444e-01  -1.4612247e+00  -2.4298444e-01  -3.0775505e+00   0.0000000e+00   1.8820509e-01
  -1.4559295e+00   3.2813054e-01  -1.4559295e+00  -3.2813054e-01  -3.0881409e+00   0.0000000e+00   2.1963163e-01
  -1.4500563e+00   4.0449980e-01  -1.4500563e+00  -4.0449980e-01  -3.0998875e+00   0.0000000e+00   2.5630578e-01
  -1.4435738e+00   4.7742458e-01  -1.4435738e+00  -4.7742458e-01  -3.1128525e+00   0.0000000e+00   2.9910379e-01
  -1.4364551e+00   5.4936033e-01  -1.4364551e+00  -5.4936033e-01  -3.1270898e+00   0.0000000e+00   3.4904822e-01
  -1.4286785e+00   6.2173714e-01  -1.4286785e+00  -6.2173714e-01  -3.1426430e+00   0.0000000e+00   4.0733239e-01
  -1.4202283e+00   6.9552464e-01  -1.4202283e+00  -6.9552464e-01  -3.1595434e+00   0.0000000e+00   4.7534886e-01
  -1.4110955e+00   7.7145863e-01  -1.4110955e+00  -7.7145863e-01  -3.1778091e+00   0.0000000e+00   5.5472274e-01
  -1.4012783e+00   8.5014907e-01  -1.4012783e+00  -8.5014907e-01  -3.1974434e+00   0.0000000e+00   6.4735050e-01
  -1.3907830e+00   9.3213801e-01  -1.3907830e+00  -9.3213801e-01  -3.2184340e+00   0.0000000e+00   7.5544526e-01
  -1.3796237e+00   1.0179341e+00  -1.3796237e+00  -1.0179341e+00  -3.2407525e+00   0.0000000e+00   8.8158972e-01
  -1.3678230e+00   1.1080348e+00  -1.3678230e+00  -1.1080348e+00  -3.2643540e+00   0.0000000e+00   1.0287978e+00
  -1.3554116e+00   1.2029419e+00  -1.3554116e+00  -1.2029419e+00  -3.2891768e+00   0.0000000e+00   1.2005867e+00
  -1.3424288e+00   1.3031733e+00  -1.3424288e+00  -1.3031733e+00  -3.3151424e+00   0.0000000e+00   1.4010611e+00
  -1.3289219e+00   1.4092722e+00  -1.3289219e+00  -1.4092722e+00  -3.3421562e+00   0.0000000e+00   1.6350106e+00
  -1.3149463e+00   1.5218150e+00  -1.3149463e+00  -1.5218150e+00  -3.3701075e+00   0.0000000e+00   1.9080251e+00
  -1.3005649e+00   1.6414189e+00  -1.3005649e+00  -1.6414189e+00  -3.3988702e+00   0.0000000e+00   2.2266277e+00
  -1.2858479e+00   1.7687482e+00  -1.2858479e+00  -1.7687482e+00  -3.4283042e+00   0.0000000e+00   2.5984306e+00
  -1.2708721e+00   1.9045209e+00  -1.2708721e+00  -1.9045209e+00  -3.4582559e+00   0.0000000e+00   3.0323172e+00
  -1.2557199e+00   2.0495153e+00  -1.2557199e+00  -2.0495153e+00  -3.4885602e+00   0.0000000e+00   3.5386544e+00
  -1.2404787e+00   2.2045765e+00  -1.2404787e+00  -2.2045765e+00  -3.5190425e+00   0.0000000e+00   4.1295398e+00
  -1.2252396e+00   2.3706228e+00  -1.2252396e+00  -2.3706228e+00  -3.5495207e+00   0.0000000e+00   4.8190915e+00
  -1.2100959e+00   2.5486527e+00  -1.2100959e+00  -2.5486527e+00  -3.5798083e+00   0.0000000e+00   5.6237847e+00
  -1.1951414e+00   2.7397515e+00  -1.1951414e+00  -2.7397515e+00  -3.6097173e+00   0.0000000e+00   6.5628459e+00
  -1.1804689e+00   2.9450985e+00  -1.1804689e+00  -2.9450985e+00  -3.6390622e+00   0.0000000e+00   7.6587116e+00
  -1.1661682e+00   3.1659741e+00  -1.1661682e+00  -3.1659741e+00  -3.6676636e+00   0.0000000e+00   8.9375654e+00
  -1.1523238e+00   3.4037666e+00  -1.1523238e+00  -3.4037666e+00  -3.6953524e+00   0.0000000e+00   1.0429963e+01
  -1.1390131e+00   3.6599803e+00  -1.1390131e+00  -3.6599803e+00  -3.7219738e+00   0.0000000e+00   1.2171560e+01
  -1.1263045e+00   3.9362422e+00  -1.1263045e+00  -3.9362422e+00  -3.7473911e+00   0.0000000e+00   1.4203971e+01
  -1.1142557e+00   4.2343102e+00  -1.1142557e+00  -4.2343102e+00  -3.7714887e+00   0.0000000e+00   1.6575754e+01
  -1.1029124e+00   4.5560812e+00  -1.1029124e+00  -4.5560812e+00  -3.7941751e+00   0.0000000e+00   1.9343578e+01
  -1.0923078e+00   4.9035996e+00  -1.0923078e+00  -4.9035996e+00  -3.8153844e+00   0.0000000e+00   2.2573574e+01
  -1.0824616e+00   5.2790667e+00  -1.0824616e+00  -5.2790667e+00  -3.8350768e+00   0.0000000e+00   2.6342915e+01
  -1.0733808e+00   5.6848511e+00  -1.0733808e+00  -5.6848511e+00  -3.8532384e+00   0.0000000e+00   3.0741662e+01
  -1.0650602e+00   6.1234999e+00  -1.0650602e+00  -6.1234999e+00  -3.8698795e+00   0.0000000e+00   3.5874913e+01
  -1.0574837e+00   6.5977517e+00  -1.0574837e+00  -6.5977517e+00  -3.8850326e+00   0.0000000e+00   4.1865316e+01
  -1.0506254e+00   7.1105509e+00  -1.0506254e+00  -7.1105509e+00  -3.8987491e+00   0.0000000e+00   4.8855998e+01
  -1.0444520e+00   7.6650637e+00  -1.0444520e+00  -7.6650637e+00  -3.9110959e+00   0.0000000e+00   5.7013986e+01
  -1.0389241e+00   8.2646959e+00  -1.0389241e+00  -8.2646959e+00  -3.9221519e+00   0.0000000e+00   6.6534197e+01
  -1.0339979e+00   8.9131126e+00  -1.0339979e+00  -8.9131126e+00  -3.9320042e+00   0.0000000e+00   7.7644095e+01
  -1.0296275e+00   9.6142600e+00  -1.0296275e+00  -9.6142600e+00  -3.9407449e+00   0.0000000e+00   9.0609128e+01
  -1.0257660e+00   1.0372389e+01  -1.0257660e+00  -1.0372389e+01  -3.9484680e+00   0.0000000e+00   1.0573906e+02
  -1.0223665e+00   1.1192082e+01  -1.0223665e+00  -1.1192082e+01  -3.9552669e+00   0.0000000e+00   1.2339540e+02
  -1.0193837e+00   1.2078279e+01  -1.0193837e+00  -1.2078279e+01  -3.9612325e+00   0.0000000e+00   1.4400000e+02
  -1.0000510e+00   2.4242852e+02  -1.0000510e+00  -2.4242852e+02  -3.9998979e+00   0.0000000e+00   5.8769587e+04
             Inf   0.0000000e+00             Inf   0.0000000e+00  -4.0000000e+00   0.0000000e+00             Inf
