  -1.0000000e+00   0.0000000e+00  -2.0000000e+00   0.0000000e+00  -3.0000000e+00   0.0000000e+00  -4.0000000e+00   0.0000000e+00   0.0000000e+00
  -1.0822553e+00   0.0000000e+00  -1.8000000e+00   0.0000000e+00  -3.2000000e+00   0.0000000e+00  -3.9177447e+00   0.0000000e+00   4.2240000e-01
  -1.1078577e+00   0.0000000e+00  -1.7503736e+00   0.0000000e+00  -3.2496264e+00   0.0000000e+00  -3.8921423e+00   0.0000000e+00   5.2657305e-01
  -1.1449568e+00   0.0000000e+00  -1.6852252e+00   0.0000000e+00  -3.3147748e+00   0.0000000e+00  -3.8550432e+00   0.0000000e+00   6.5643744e-01
  -1.2053075e+00   0.0000000e+00  -1.5923814e+00   0.0000000e+00  -3.4076186e+00   0.0000000e+00  -3.7946925e+00   0.0000000e+00   8.1832922e-01
  -1.3679122e+00   0.0000000e+00  -1.3961987e+00   0.0000000e+00  -3.6038013e+00   0.0000000e+00  -3.6320878e+00   0.0000000e+00   9.9900000e-01
  -1.3679122e+00   0.0000000e+00  -1.3961987e+00   0.0000000e+00  -3.6038013e+00   0.0000000e+00  -3.6320878e+00   0.0000000e+00   9.9900000e-01
  -1.3819660e+00   2.3718852e-08  -1.3819660e+00  -2.3718852e-08  -3.6180340e+00   0.0000000e+00  -3.6180340e+00   0.0000000e+00   1.0000000e+00
  -1.3819660e+00   2.3718852e-08  -1.3819660e+00  -2.3718852e-08  -3.6180340e+00   0.0000000e+00  -3.6180340e+00   0.0000000e+00   1.0000000e+00
  -1.3818766e+00   1.4141005e-02  -1.3818766e+00  -1.4141005e-02  -3.6181234e+00   1.4141005e-02  -3.6181234e+00  -1.4141005e-02   1.0010000e+00
  -1.3818766e+00   1.4141005e-02  -1.3818766e+00  -1.4141005e-02  -3.6181234e+00   1.4141005e-02  -3.6181234e+00  -1.4141005e-02   1.0010000e+00
  -1.3801712e+00   6.3375876e-02  -1.3801712e+00  -6.3375876e-02  -3.6198288e+00   6.3375876e-02  -3.6198288e+00  -6.3375876e-02   1.0201470e+00
  -1.3588733e+00   2.2840781e-01  -1.3588733e+00  -2.2840781e-01  -3.6411267e+00   2.2840781e-01  -3.6411267e+00  -2.2840781e-01   1.2717375e+00
  -1.3347611e+00   3.2830114e-01  -1.3347611e+00  -3.2830114e-01  -3.6652389e+00   3.2830114e-01  -3.6652389e+00  -3.2830114e-01   1.5853757e+00
  -1.3076533e+00   4.1435570e-01  -1.3076533e+00  -4.1435570e-01  -3.6923467e+00   4.1435570e-01  -3.6923467e+00  -4.1435570e-01   1.9763639e+00
  -1.2773757e+00   4.9478287e-01  -1.2773757e+00  -4.9478287e-01  -3.7226243e+00   4.9478287e-01  -3.7226243e+00  -4.9478287e-01   2.4637784e+00
  -1.2437598e+00   5.7283464e-01  -1.2437598e+00  -5.7283464e-01  -3.7562402e+00   5.7283464e-01  -3.7562402e+00  -5.7283464e-01   3.0713998e+00
  -1.2066399e+00   6.5021555e-01  -1.2066399e+00  -6.5021555e-01  -3.7933601e+00   6.5021555e-01  -3.7933601e+00  -6.5021555e-01   3.8288739e+00
  -1.1658515e+00   7.2797811e-01  -1.1658515e+00  -7.2797811e-01  -3.8341485e+00   7.2797811e-01  -3.8341485e+00  -7.2797811e-01   4.7731577e+00
  -1.1212282e+00   8.0685290e-01  -1.1212282e+00  -8.0685290e-01  -3.8787718e+00   8.0685290e-01  -3.8787718e+00  -8.0685290e-01   5.9503224e+00
  -1.0725998e+00   8.8739584e-01  -1.0725998e+00  -8.8739584e-01  -3.9274002e+00   8.8739584e-01  -3.9274002e+00  -8.8739584e-01   7.4178016e+00
  -1.0197901e+00   9.7006262e-01  -1.0197901e+00  -9.7006262e-01  -3.9802099e+00   9.7006262e-01  -3.9802099e+00  -9.7006262e-01   9.2471932e+00
  -9.6261520e-01   1.0552497e+00  -9.6261520e-01  -1.0552497e+00  -4.0373848e+00   1.0552497e+00  -4.0373848e+00  -1.0552497e+00   1.1527753e+01
  -9.0088211e-01   1.1433189e+00  -9.0088211e-01  -1.1433189e+00  -4.0991179e+00   1.1433189e+00  -4.0991179e+00  -1.1433189e+00   1.4370748e+01
  -8.3438703e-01   1.2346119e+00  -8.3438703e-01  -1.2346119e+00  -4.1656130e+00   1.2346119e+00  -4.1656130e+00  -1.2346119e+00   1.7914887e+01
  -7.6291429e-01   1.3294611e+00  -7.6291429e-01  -1.3294611e+00  -4.2370857e+00   1.3294611e+00  -4.2370857e+00  -1.3294611e+00   2.2333089e+01
  -6.8623520e-01   1.4281956e+00  -6.8623520e-01  -1.4281956e+00  -4.3137648e+00   1.4281956e+00  -4.3137648e+00  -1.4281956e+00   2.7840915e+01
  -6.0410697e-01   1.5311468e+00  -6.0410697e-01  -1.5311468e+00  -4.3958930e+00   1.5311468e+00  -4.3958930e+00  -1.5311468e+00   3.4707092e+01
  -5.1627166e-01   1.6386513e+00  -5.1627166e-01  -1.6386513e+00  -4.4837283e+00   1.6386513e+00  -4.4837283e+00  -1.6386513e+00   4.3266617e+01
  -4.2245518e-01   1.7510547e+00  -4.2245518e-01  -1.7510547e+00  -4.5775448e+00   1.7510547e+00  -4.5775448e+00  -1.7510547e+00   5.3937108e+01
  -3.2236628e-01   1.8687131e+00  -3.2236628e-01  -1.8687131e+00  -4.6776337e+00   1.8687131e+00  -4.6776337e+00  -1.8687131e+00   6.7239175e+01
  -2.1569553e-01   1.9919957e+00  -2.1569553e-01  -1.9919957e+00  -4.7843045e+00   1.9919957e+00  -4.7843045e+00  -1.9919957e+00   8.3821821e+01
  -1.0211420e-01   2.1212865e+00  -1.0211420e-01  -2.1212865e+00  -4.8978858e+00   2.1212865e+00  -4.8978858e+00  -2.1212865e+00   1.0449411e+02
   1.8726754e-02   2.2569857e+00   1.8726754e-02  -2.2569857e+00  -5.0187268e+00   2.2569857e+00  -5.0187268e+00  -2.2569857e+00   1.3026463e+02
   1.4719791e-01   2.3995118e+00   1.4719791e-01  -2.3995118e+00  -5.1471979e+00   2.3995118e+00  -5.1471979e+00  -2.3995118e+00   1.6239073e+02
   2.8369255e-01   2.5493027e+00   2.8369255e-01  -2.5493027e+00  -5.2836925e+00   2.5493027e+00  -5.2836925e+00  -2.5493027e+00   2.0243982e+02
   4.2862790e-01   2.7068176e+00   4.2862790e-01  -2.7068176e+00  -5.4286279e+00   2.7068176e+00  -5.4286279e+00  -2.7068176e+00   2.5236590e+02
   5.8244649e-01   2.8725383e+00   5.8244649e-01  -2.8725383e+00  -5.5824465e+00   2.8725383e+00  -5.5824465e+00  -2.8725383e+00   3.1460483e+02
   7.4561750e-01   3.0469711e+00   7.4561750e-01  -3.0469711e+00  -5.7456175e+00   3.0469711e+00  -5.7456175e+00  -3.0469711e+00   3.9219324e+02
   9.1863828e-01   3.2306482e+00   9.1863828e-01  -3.2306482e+00  -5.9186383e+00   3.2306482e+00  -5.9186383e+00  -3.2306482e+00   4.8891664e+02
   1.1020359e+00   3.4241294e+00   1.1020359e+00  -3.4241294e+00  -6.1020359e+00   3.4241294e+00  -6.1020359e+00  -3.4241294e+00   6.0949414e+02
   1.2963686e+00   3.6280042e+00   1.2963686e+00  -3.6280042e+00  -6.2963686e+00   3.6280042e+00  -6.2963686e+00  -3.6280042e+00   7.5980867e+02
   1.5022278e+00   3.8428931e+00   1.5022278e+00  -3.8428931e+00  -6.5022278e+00   3.8428931e+00  -6.5022278e+00  -3.8428931e+00   9.4719405e+02
   1.7202399e+00   4.0694501e+00   1.7202399e+00  -4.0694501e+00  -6.7202399e+00   4.0694501e+00  -6.7202399e+00  -4.0694501e+00   1.1807928e+03
   1.9510677e+00   4.3083644e+00   1.9510677e+00  -4.3083644e+00  -6.9510677e+00   4.3083644e+00  -6.9510677e+00  -4.3083644e+00   1.4720020e+03
   2.1954133e+00   4.5603625e+00   2.1954133e+00  -4.5603625e+00  -7.1954133e+00   4.5603625e+00  -7.1954133e+00  -4.5603625e+00   1.8350298e+03
   2.4540194e+00   4.8262106e+00   2.4540194e+00  -4.8262106e+00  -7.4540194e+00   4.8262106e+00  -7.4540194e+00  -4.8262106e+00   2.2875881e+03
   2.7276722e+00   5.1067168e+00   2.7276722e+00  -5.1067168e+00  -7.7276722e+00   5.1067168e+00  -7.7276722e+00  -5.1067168e+00   2.8517572e+03
   3.0172032e+00   5.4027337e+00   3.0172032e+00  -5.4027337e+00  -8.0172032e+00   5.4027337e+00  -8.0172032e+00  -5.4027337e+00   3.5550626e+03
   3.3234925e+00   5.7151610e+00   3.3234925e+00  -5.7151610e+00  -8.3234925e+00   5.7151610e+00  -8.3234925e+00  -5.7151610e+00   4.4318186e+03
   3.6474707e+00   6.0449480e+00   3.6474707e+00  -6.0449480e+00  -8.6474707e+00   6.0449480e+00  -8.6474707e+00  -6.0449480e+00   5.5248016e+03
   3.9901224e+00   6.3930969e+00   3.9901224e+00  -6.3930969e+00  -8.9901224e+00   6.3930969e+00  -8.9901224e+00  -6.3930969e+00   6.8873381e+03
   4.3524885e+00   6.7606656e+00   4.3524885e+00  -6.7606656e+00  -9.3524885e+00   6.7606656e+00  -9.3524885e+00  -6.7606656e+00   8.5859058e+03
   4.7356702e+00   7.1487708e+00   4.7356702e+00  -7.1487708e+00  -9.7356702e+00   7.1487708e+00  -9.7356702e+00  -7.1487708e+00   1.0703377e+04
   5.1408316e+00   7.5585916e+00   5.1408316e+00  -7.5585916e+00  -1.0140832e+01   7.5585916e+00  -1.0140832e+01  -7.5585916e+00   1.3343063e+04
   5.5692035e+00   7.9913732e+00   5.5692035e+00  -7.9913732e+00  -1.0569204e+01   7.9913732e+00  -1.0569204e+01  -7.9913732e+00   1.6633754e+04
   6.0220876e+00   8.4484304e+00   6.0220876e+00  -8.4484304e+00  -1.1022088e+01   8.4484304e+00  -1.1022088e+01  -8.4484304e+00   2.0736000e+04
   1.9390036e+02   1.9639718e+02   1.9390036e+02  -1.9639718e+02  -1.9890036e+02   1.9639718e+02  -1.9890036e+02  -1.9639718e+02   5.9513443e+09
             Inf   0.0000000e+00             Inf   0.0000000e+00             Inf   0.0000000e+00             Inf   0.0000000e+00             Inf
