  -2.0000000e+00   2.0000000e+00  -2.0000000e+00  -2.0000000e+00   0.0000000e+00
  -2.0000000e+00   2.2658764e+00  -2.0000000e+00  -2.2658764e+00   1.1341958e+00
  -2.0000000e+00   2.2878940e+00  -2.0000000e+00  -2.2878940e+00   1.2344590e+00
  -2.0000000e+00   2.3116197e+00  -2.0000000e+00  -2.3116197e+00   1.3435856e+00
  -2.0000000e+00   2.3371690e+00  -2.0000000e+00  -2.3371690e+00   1.4623590e+00
  -2.0000000e+00   2.3646632e+00  -2.0000000e+00  -2.3646632e+00   1.5916320e+00
  -2.0000000e+00   2.3942291e+00  -2.0000000e+00  -2.3942291e+00   1.7323328e+00
  -2.0000000e+00   2.4259991e+00  -2.0000000e+00  -2.4259991e+00   1.8854716e+00
  -2.0000000e+00   2.4601114e+00  -2.0000000e+00  -2.4601114e+00   2.0521479e+00
  -2.0000000e+00   2.4967095e+00  -2.0000000e+00  -2.4967095e+00   2.2335584e+00
  -2.0000000e+00   2.5359428e+00  -2.0000000e+00  -2.5359428e+00   2.4310057e+00
  -2.0000000e+00   2.5779658e+00  -2.0000000e+00  -2.5779658e+00   2.6459074e+00
  -2.0000000e+00   2.6229385e+00  -2.0000000e+00  -2.6229385e+00   2.8798065e+00
  -2.0000000e+00   2.6710265e+00  -2.0000000e+00  -2.6710265e+00   3.1343823e+00
  -2.0000000e+00   2.7224002e+00  -2.0000000e+00  -2.7224002e+00   3.4114627e+00
  -2.0000000e+00   2.7772355e+00  -2.0000000e+00  -2.7772355e+00   3.7130372e+00
  -2.0000000e+00   2.8357135e+00  -2.0000000e+00  -2.8357135e+00   4.0412709e+00
  -2.0000000e+00   2.8980201e+00  -2.0000000e+00  -2.8980201e+00   4.3985205e+00
  -2.0000000e+00   2.9643467e+00  -2.0000000e+00  -2.9643467e+00   4.7873512e+00
  -2.0000000e+00   3.0348895e+00  -2.0000000e+00  -3.0348895e+00   5.2105546e+00
  -2.0000000e+00   3.1098504e+00  -2.0000000e+00  -3.1098504e+00   5.6711693e+00
  -2.0000000e+00   3.1894361e+00  -2.0000000e+00  -3.1894361e+00   6.1725025e+00
  -2.0000000e+00   3.2738591e+00  -2.0000000e+00  -3.2738591e+00   6.7181537e+00
  -2.0000000e+00   3.3633377e+00  -2.0000000e+00  -3.3633377e+00   7.3120407e+00
  -2.0000000e+00   3.4580959e+00  -2.0000000e+00  -3.4580959e+00   7.9584275e+00
  -2.0000000e+00   3.5583641e+00  -2.0000000e+00  -3.5583641e+00   8.6619550e+00
  -2.0000000e+00   3.6643792e+00  -2.0000000e+00  -3.6643792e+00   9.4276747e+00
  -2.0000000e+00   3.7763851e+00  -2.0000000e+00  -3.7763851e+00   1.0261084e+01
  -2.0000000e+00   3.8946331e+00  -2.0000000e+00  -3.8946331e+00   1.1168167e+01
  -2.0000000e+00   4.0193827e+00  -2.0000000e+00  -4.0193827e+00   1.2155437e+01
  -2.0000000e+00   4.1509013e+00  -2.0000000e+00  -4.1509013e+00   1.3229982e+01
  -2.0000000e+00   4.2894657e+00  -2.0000000e+00  -4.2894657e+00   1.4399516e+01
  -2.0000000e+00   4.4353622e+00  -2.0000000e+00  -4.4353622e+00   1.5672438e+01
  -2.0000000e+00   4.5888873e+00  -2.0000000e+00  -4.5888873e+00   1.7057887e+01
  -2.0000000e+00   4.7503484e+00  -2.0000000e+00  -4.7503484e+00   1.8565810e+01
  -2.0000000e+00   4.9200643e+00  -2.0000000e+00  -4.9200643e+00   2.0207033e+01
  -2.0000000e+00   5.0983665e+00  -2.0000000e+00  -5.0983665e+00   2.1993341e+01
  -2.0000000e+00   5.2855993e+00  -2.0000000e+00  -5.2855993e+00   2.3937560e+01
  -2.0000000e+00   5.4821208e+00  -2.0000000e+00  -5.4821208e+00   2.6053648e+01
  -2.0000000e+00   5.6883037e+00  -2.0000000e+00  -5.6883037e+00   2.8356799e+01
  -2.0000000e+00   5.9045363e+00  -2.0000000e+00  -5.9045363e+00   3.0863549e+01
  -2.0000000e+00   6.1312231e+00  -2.0000000e+00  -6.1312231e+00   3.3591897e+01
  -2.0000000e+00   6.3687857e+00  -2.0000000e+00  -6.3687857e+00   3.6561432e+01
  -2.0000000e+00   6.6176638e+00  -2.0000000e+00  -6.6176638e+00   3.9793474e+01
  -2.0000000e+00   6.8783159e+00  -2.0000000e+00  -6.8783159e+00   4.3311230e+01
  -2.0000000e+00   7.1512207e+00  -2.0000000e+00  -7.1512207e+00   4.7139957e+01
  -2.0000000e+00   7.4368773e+00  -2.0000000e+00  -7.4368773e+00   5.1307145e+01
  -2.0000000e+00   7.7358072e+00  -2.0000000e+00  -7.7358072e+00   5.5842713e+01
  -2.0000000e+00   8.0485543e+00  -2.0000000e+00  -8.0485543e+00   6.0779227e+01
  -2.0000000e+00   8.3756868e+00  -2.0000000e+00  -8.3756868e+00   6.6152130e+01
  -2.0000000e+00   8.7177979e+00  -2.0000000e+00  -8.7177979e+00   7.2000000e+01
  -2.0000000e+00   1.7889662e+02  -2.0000000e+00  -1.7889662e+02   3.2000000e+04
             Inf   0.0000000e+00             Inf   0.0000000e+00             Inf
