  -1.0000000e+00   0.0000000e+00  -2.0000000e+00   2.0000000e+00  -2.0000000e+00  -2.0000000e+00   0.0000000e+00
  -1.1086667e+00   0.0000000e+00  -1.9456666e+00   1.9748898e+00  -1.9456666e+00  -1.9748898e+00   5.2100000e-01
  -1.1263481e+00   0.0000000e+00  -1.9368260e+00   1.9711988e+00  -1.9368260e+00  -1.9711988e+00   6.0182976e-01
  -1.1470539e+00   0.0000000e+00  -1.9264731e+00   1.9670193e+00  -1.9264731e+00  -1.9670193e+00   6.9519974e-01
  -1.1713491e+00   0.0000000e+00  -1.9143254e+00   1.9623127e+00  -1.9143254e+00  -1.9623127e+00   8.0305546e-01
  -1.1999177e+00   0.0000000e+00  -1.9000412e+00   1.9570533e+00  -1.9000412e+00  -1.9570533e+00   9.2764430e-01
  -1.2335889e+00   0.0000000e+00  -1.8832056e+00   1.9512391e+00  -1.8832056e+00  -1.9512391e+00   1.0715623e+00
  -1.2733679e+00   0.0000000e+00  -1.8633161e+00   1.9449112e+00  -1.8633161e+00  -1.9449112e+00   1.2378082e+00
  -1.3204664e+00   0.0000000e+00  -1.8397668e+00   1.9381841e+00  -1.8397668e+00  -1.9381841e+00   1.4298461e+00
  -1.3763245e+00   0.0000000e+00  -1.8118377e+00   1.9312925e+00  -1.8118377e+00  -1.9312925e+00   1.6516774e+00
  -1.4426029e+00   0.0000000e+00  -1.7786986e+00   1.9246610e+00  -1.7786986e+00  -1.9246610e+00   1.9079245e+00
  -1.5211040e+00   0.0000000e+00  -1.7394480e+00   1.9189992e+00  -1.7394480e+00  -1.9189992e+00   2.2039265e+00
  -1.6135559e+00   0.0000000e+00  -1.6932221e+00   1.9154065e+00  -1.6932221e+00  -1.9154065e+00   2.5458514e+00
  -1.7211905e+00   0.0000000e+00  -1.6394047e+00   1.9154363e+00  -1.6394047e+00  -1.9154363e+00   2.9408237e+00
  -1.8441419e+00   0.0000000e+00  -1.5779290e+00   1.9210127e+00  -1.5779290e+00  -1.9210127e+00   3.3970734e+00
  -1.9809377e+00   0.0000000e+00  -1.5095311e+00   1.9340996e+00  -1.5095311e+00  -1.9340996e+00   3.9241073e+00
  -2.1285634e+00   0.0000000e+00  -1.4357183e+00   1.9561897e+00  -1.4357183e+00  -1.9561897e+00   4.5329070e+00
  -2.2832921e+00   0.0000000e+00  -1.3583540e+00   1.9879227e+00  -1.3583540e+00  -1.9879227e+00   5.2361581e+00
  -2.4417804e+00   0.0000000e+00  -1.2791098e+00   2.0291051e+00  -1.2791098e+00  -2.0291051e+00   6.0485140e+00
  -2.6017346e+00   0.0000000e+00  -1.1991327e+00   2.0790456e+00  -1.1991327e+00  -2.0790456e+00   6.9869016e+00
  -2.7619696e+00   0.0000000e+00  -1.1190152e+00   2.1369214e+00  -1.1190152e+00  -2.1369214e+00   8.0708740e+00
  -2.9221377e+00   0.0000000e+00  -1.0389311e+00   2.2020042e+00  -1.0389311e+00  -2.2020042e+00   9.3230177e+00
  -3.0824108e+00   0.0000000e+00  -9.5879459e-01   2.2737448e+00  -9.5879459e-01  -2.2737448e+00   1.0769423e+01
  -3.2432414e+00   0.0000000e+00  -8.7837932e-01   2.3517775e+00  -8.7837932e-01  -2.3517775e+00   1.2440229e+01
  -3.4052136e+00   0.0000000e+00  -7.9739320e-01   2.4358932e+00  -7.9739320e-01  -2.4358932e+00   1.4370250e+01
  -3.5689612e+00   0.0000000e+00  -7.1551938e-01   2.5260068e+00  -7.1551938e-01  -2.5260068e+00   1.6599701e+01
  -3.7351255e+00   0.0000000e+00  -6.3243724e-01   2.6221286e+00  -6.3243724e-01  -2.6221286e+00   1.9175037e+01
  -3.9043367e+00   0.0000000e+00  -5.4783164e-01   2.7243425e+00  -5.4783164e-01  -2.7243425e+00   2.2149919e+01
  -4.0772074e+00   0.0000000e+00  -4.6139630e-01   2.8327895e+00  -4.6139630e-01  -2.8327895e+00   2.5586335e+01
  -4.2543322e+00   0.0000000e+00  -3.7283392e-01   2.9476561e+00  -3.7283392e-01  -2.9476561e+00   2.9555889e+01
  -4.4362901e+00   0.0000000e+00  -2.8185495e-01   3.0691655e+00  -2.8185495e-01  -3.0691655e+00   3.4141293e+01
  -4.6236485e+00   0.0000000e+00  -1.8817575e-01   3.1975730e+00  -1.8817575e-01  -3.1975730e+00   3.9438092e+01
  -4.8169669e+00   0.0000000e+00  -9.1516528e-02   3.3331607e+00  -9.1516528e-02  -3.3331607e+00   4.5556656e+01
  -5.0168013e+00   0.0000000e+00   8.4006439e-03   3.4762362e+00   8.4006439e-03  -3.4762362e+00   5.2624475e+01
  -5.2237074e+00   0.0000000e+00   1.1185372e-01   3.6271298e+00   1.1185372e-01  -3.6271298e+00   6.0788821e+01
  -5.4382448e+00   0.0000000e+00   2.1912240e-01   3.7861944e+00   2.1912240e-01  -3.7861944e+00   7.0219811e+01
  -5.6609795e+00   0.0000000e+00   3.3048975e-01   3.9538042e+00   3.3048975e-01  -3.9538042e+00   8.1113958e+01
  -5.8924873e+00   0.0000000e+00   4.4624365e-01   4.1303555e+00   4.4624365e-01  -4.1303555e+00   9.3698262e+01
  -6.1333563e+00   0.0000000e+00   5.6667813e-01   4.3162662e+00   5.6667813e-01  -4.3162662e+00   1.0823494e+02
  -6.3841893e+00   0.0000000e+00   6.9209467e-01   4.5119765e+00   6.9209467e-01  -4.5119765e+00   1.2502689e+02
  -6.6456066e+00   0.0000000e+00   8.2280331e-01   4.7179497e+00   8.2280331e-01  -4.7179497e+00   1.4442399e+02
  -6.9182478e+00   0.0000000e+00   9.5912388e-01   4.9346727e+00   9.5912388e-01  -4.9346727e+00   1.6683044e+02
  -7.2027740e+00   0.0000000e+00   1.1013870e+00   5.1626572e+00   1.1013870e+00  -5.1626572e+00   1.9271310e+02
  -7.4998703e+00   0.0000000e+00   1.2499351e+00   5.4024406e+00   1.2499351e+00  -5.4024406e+00   2.2261128e+02
  -7.8102475e+00   0.0000000e+00   1.4051238e+00   5.6545872e+00   1.4051238e+00  -5.6545872e+00   2.5714798e+02
  -8.1346445e+00   0.0000000e+00   1.5673223e+00   5.9196891e+00   1.5673223e+00  -5.9196891e+00   2.9704281e+02
  -8.4738299e+00   0.0000000e+00   1.7369150e+00   6.1983684e+00   1.7369150e+00  -6.1983684e+00   3.4312707e+02
  -8.8286046e+00   0.0000000e+00   1.9143023e+00   6.4912775e+00   1.9143023e+00  -6.4912775e+00   3.9636101e+02
  -9.1998036e+00   0.0000000e+00   2.0999018e+00   6.7991015e+00   2.0999018e+00  -6.7991015e+00   4.5785385e+02
  -9.5882982e+00   0.0000000e+00   2.2941491e+00   7.1225593e+00   2.2941491e+00  -7.1225593e+00   5.2888689e+02
  -9.9949983e+00   0.0000000e+00   2.4974991e+00   7.4624056e+00   2.4974991e+00  -7.4624056e+00   6.1094026e+02
  -2.0156050e+02   0.0000000e+00   9.8280248e+01   1.7312372e+02   9.8280248e+01  -1.7312372e+02   7.9880019e+06
             Inf   0.0000000e+00             Inf   0.0000000e+00             Inf   0.0000000e+00             Inf
