  -1.0000000e+00   0.0000000e+00  -2.0000000e+00   2.0000000e+00  -2.0000000e+00  -2.0000000e+00   0.0000000e+00
  -1.0980295e+00   0.0000000e+00  -1.9509853e+00   2.0389392e+00  -1.9509853e+00  -2.0389392e+00   2.4809524e-01
  -1.1101158e+00   0.0000000e+00  -1.9449421e+00   2.0440603e+00  -1.9449421e+00  -2.0440603e+00   2.7920412e-01
  -1.1236527e+00   0.0000000e+00  -1.9381736e+00   2.0498850e+00  -1.9381736e+00  -2.0498850e+00   3.1421378e-01
  -1.1388004e+00   0.0000000e+00  -1.9305998e+00   2.0565170e+00  -1.9305998e+00  -2.0565170e+00   3.5361333e-01
  -1.1557321e+00   0.0000000e+00  -1.9221340e+00   2.0640762e+00  -1.9221340e+00  -2.0640762e+00   3.9795322e-01
  -1.1746327e+00   0.0000000e+00  -1.9126836e+00   2.0727018e+00  -1.9126836e+00  -2.0727018e+00   4.4785294e-01
  -1.1956972e+00   0.0000000e+00  -1.9021514e+00   2.0825550e+00  -1.9021514e+00  -2.0825550e+00   5.0400962e-01
  -1.2191273e+00   0.0000000e+00  -1.8904363e+00   2.0938226e+00  -1.8904363e+00  -2.0938226e+00   5.6720784e-01
  -1.2451269e+00   0.0000000e+00  -1.8774365e+00   2.1067200e+00  -1.8774365e+00  -2.1067200e+00   6.3833055e-01
  -1.2738948e+00   0.0000000e+00  -1.8630526e+00   2.1214948e+00  -1.8630526e+00  -2.1214948e+00   7.1837139e-01
  -1.3056160e+00   0.0000000e+00  -1.8471920e+00   2.1384301e+00  -1.8471920e+00  -2.1384301e+00   8.0844862e-01
  -1.3404490e+00   0.0000000e+00  -1.8297755e+00   2.1578463e+00  -1.8297755e+00  -2.1578463e+00   9.0982073e-01
  -1.3785122e+00   0.0000000e+00  -1.8107439e+00   2.1801022e+00  -1.8107439e+00  -2.1801022e+00   1.0239040e+00
  -1.4198668e+00   0.0000000e+00  -1.7900666e+00   2.2055932e+00  -1.7900666e+00  -2.2055932e+00   1.1522922e+00
  -1.4645008e+00   0.0000000e+00  -1.7677496e+00   2.2347481e+00  -1.7677496e+00  -2.2347481e+00   1.2967792e+00
  -1.5123142e+00   0.0000000e+00  -1.7438429e+00   2.2680209e+00  -1.7438429e+00  -2.2680209e+00   1.4593835e+00
  -1.5631086e+00   0.0000000e+00  -1.7184457e+00   2.3058809e+00  -1.7184457e+00  -2.3058809e+00   1.6423769e+00
  -1.6165860e+00   0.0000000e+00  -1.6917070e+00   2.3488005e+00  -1.6917070e+00  -2.3488005e+00   1.8483160e+00
  -1.6723562e+00   0.0000000e+00  -1.6638219e+00   2.3972419e+00  -1.6638219e+00  -2.3972419e+00   2.0800780e+00
  -1.7299547e+00   0.0000000e+00  -1.6350227e+00   2.4516467e+00  -1.6350227e+00  -2.4516467e+00   2.3409009e+00
  -1.7888686e+00   0.0000000e+00  -1.6055657e+00   2.5124281e+00  -1.6055657e+00  -2.5124281e+00   2.6344286e+00
  -1.8485666e+00   0.0000000e+00  -1.5757167e+00   2.5799698e+00  -1.5757167e+00  -2.5799698e+00   2.9647619e+00
  -1.9085280e+00   0.0000000e+00  -1.5457360e+00   2.6546291e+00  -1.5457360e+00  -2.6546291e+00   3.3365161e+00
  -1.9682664e+00   0.0000000e+00  -1.5158668e+00   2.7367450e+00  -1.5158668e+00  -2.7367450e+00   3.7548849e+00
  -2.0273466e+00   0.0000000e+00  -1.4863267e+00   2.8266495e+00  -1.4863267e+00  -2.8266495e+00   4.2257133e+00
  -2.0853929e+00   0.0000000e+00  -1.4573035e+00   2.9246786e+00  -1.4573035e+00  -2.9246786e+00   4.7555793e+00
  -2.1420918e+00   0.0000000e+00  -1.4289541e+00   3.0311836e+00  -1.4289541e+00  -3.0311836e+00   5.3518856e+00
  -2.1971885e+00   0.0000000e+00  -1.4014058e+00   3.1465410e+00  -1.4014058e+00  -3.1465410e+00   6.0229634e+00
  -2.2504811e+00   0.0000000e+00  -1.3747595e+00   3.2711595e+00  -1.3747595e+00  -3.2711595e+00   6.7781882e+00
  -2.3018140e+00   0.0000000e+00  -1.3490930e+00   3.4054863e+00  -1.3490930e+00  -3.4054863e+00   7.6281113e+00
  -2.3510707e+00   0.0000000e+00  -1.3244647e+00   3.5500113e+00  -1.3244647e+00  -3.5500113e+00   8.5846071e+00
  -2.3981672e+00   0.0000000e+00  -1.3009164e+00   3.7052699e+00  -1.3009164e+00  -3.7052699e+00   9.6610387e+00
  -2.4430468e+00   0.0000000e+00  -1.2784766e+00   3.8718453e+00  -1.2784766e+00  -3.8718453e+00   1.0872445e+01
  -2.4856756e+00   0.0000000e+00  -1.2571622e+00   4.0503703e+00  -1.2571622e+00  -4.0503703e+00   1.2235751e+01
  -2.5260394e+00   0.0000000e+00  -1.2369803e+00   4.2415281e+00  -1.2369803e+00  -4.2415281e+00   1.3770003e+01
  -2.5641405e+00   0.0000000e+00  -1.2179298e+00   4.4460541e+00  -1.2179298e+00  -4.4460541e+00   1.5496636e+01
  -2.5999962e+00   0.0000000e+00  -1.2000019e+00   4.6647366e+00  -1.2000019e+00  -4.6647366e+00   1.7439773e+01
  -2.6336370e+00   0.0000000e+00  -1.1831815e+00   4.8984183e+00  -1.1831815e+00  -4.8984183e+00   1.9626562e+01
  -2.6651053e+00   0.0000000e+00  -1.1674474e+00   5.1479977e+00  -1.1674474e+00  -5.1479977e+00   2.2087554e+01
  -2.6944541e+00   0.0000000e+00  -1.1527730e+00   5.4144306e+00  -1.1527730e+00  -5.4144306e+00   2.4857132e+01
  -2.7217461e+00   0.0000000e+00  -1.1391270e+00   5.6987324e+00  -1.1391270e+00  -5.6987324e+00   2.7973990e+01
  -2.7470523e+00   0.0000000e+00  -1.1264738e+00   6.0019802e+00  -1.1264738e+00  -6.0019802e+00   3.1481674e+01
  -2.7704510e+00   0.0000000e+00  -1.1147745e+00   6.3253151e+00  -1.1147745e+00  -6.3253151e+00   3.5429190e+01
  -2.7920265e+00   0.0000000e+00  -1.1039868e+00   6.6699461e+00  -1.1039868e+00  -6.6699461e+00   3.9871688e+01
  -2.8118678e+00   0.0000000e+00  -1.0940661e+00   7.0371525e+00  -1.0940661e+00  -7.0371525e+00   4.4871235e+01
  -2.8300673e+00   0.0000000e+00  -1.0849664e+00   7.4282886e+00  -1.0849664e+00  -7.4282886e+00   5.0497679e+01
  -2.8467198e+00   0.0000000e+00  -1.0766401e+00   7.8447874e+00  -1.0766401e+00  -7.8447874e+00   5.6829629e+01
  -2.8619210e+00   0.0000000e+00  -1.0690395e+00   8.2881656e+00  -1.0690395e+00  -8.2881656e+00   6.3955547e+01
  -2.8757664e+00   0.0000000e+00  -1.0621168e+00   8.7600285e+00  -1.0621168e+00  -8.7600285e+00   7.1974991e+01
  -2.8883503e+00   0.0000000e+00  -1.0558248e+00   9.2620759e+00  -1.0558248e+00  -9.2620759e+00   8.1000000e+01
  -2.9997124e+00   0.0000000e+00  -1.0001438e+00   1.8645462e+02  -1.0001438e+00  -1.8645462e+02   3.4760326e+04
  -3.0000000e+00   0.0000000e+00             Inf   0.0000000e+00             Inf   0.0000000e+00             Inf
