  -2.0000000e+00   2.0000000e+00  -2.0000000e+00  -2.0000000e+00  -1.0000000e+00   0.0000000e+00   0.0000000e+00
  -1.9939958e+00   2.0564905e+00  -1.9939958e+00  -2.0564905e+00  -1.0920390e+00   0.0000000e+00   8.0030722e-02
  -1.9934432e+00   2.0649437e+00  -1.9934432e+00  -2.0649437e+00  -1.1050374e+00   0.0000000e+00   9.1923881e-02
  -1.9929157e+00   2.0746642e+00  -1.9929157e+00  -2.0746642e+00  -1.1197530e+00   0.0000000e+00   1.0558445e-01
  -1.9924504e+00   2.0858399e+00  -1.9924504e+00  -2.0858399e+00  -1.1363743e+00   0.0000000e+00   1.2127508e-01
  -1.9920996e+00   2.0986853e+00  -1.9920996e+00  -2.0986853e+00  -1.1550983e+00   0.0000000e+00   1.3929746e-01
  -1.9919361e+00   2.1134431e+00  -1.9919361e+00  -2.1134431e+00  -1.1761260e+00   0.0000000e+00   1.5999810e-01
  -1.9920592e+00   2.1303876e+00  -1.9920592e+00  -2.1303876e+00  -1.1996566e+00   0.0000000e+00   1.8377500e-01
  -1.9926026e+00   2.1498252e+00  -1.9926026e+00  -2.1498252e+00  -1.2258802e+00   0.0000000e+00   2.1108533e-01
  -1.9937432e+00   2.1720958e+00  -1.9937432e+00  -2.1720958e+00  -1.2549677e+00   0.0000000e+00   2.4245418e-01
  -1.9957124e+00   2.1975718e+00  -1.9957124e+00  -2.1975718e+00  -1.2870598e+00   0.0000000e+00   2.7848466e-01
  -1.9988079e+00   2.2266547e+00  -1.9988079e+00  -2.2266547e+00  -1.3222538e+00   0.0000000e+00   3.1986955e-01
  -2.0034071e+00   2.2597697e+00  -2.0034071e+00  -2.2597697e+00  -1.3605903e+00   0.0000000e+00   3.6740454e-01
  -2.0099810e+00   2.2973566e+00  -2.0099810e+00  -2.2973566e+00  -1.4020416e+00   0.0000000e+00   4.2200358e-01
  -2.0191071e+00   2.3398581e+00  -2.0191071e+00  -2.3398581e+00  -1.4465022e+00   0.0000000e+00   4.8471644e-01
  -2.0314822e+00   2.3877037e+00  -2.0314822e+00  -2.3877037e+00  -1.4937844e+00   0.0000000e+00   5.5674890e-01
  -2.0479326e+00   2.4412929e+00  -2.0479326e+00  -2.4412929e+00  -1.5436208e+00   0.0000000e+00   6.3948591e-01
  -2.0694227e+00   2.5009747e+00  -2.0694227e+00  -2.5009747e+00  -1.5956730e+00   0.0000000e+00   7.3451826e-01
  -2.0970628e+00   2.5670275e+00  -2.0970628e+00  -2.5670275e+00  -1.6495475e+00   0.0000000e+00   8.4367313e-01
  -2.1321165e+00   2.6396383e+00  -2.1321165e+00  -2.6396383e+00  -1.7048162e+00   0.0000000e+00   9.6904921e-01
  -2.1760097e+00   2.7188805e+00  -2.1760097e+00  -2.7188805e+00  -1.7610378e+00   0.0000000e+00   1.1130571e+00
  -2.2303432e+00   2.8046899e+00  -2.2303432e+00  -2.8046899e+00  -1.8177793e+00   0.0000000e+00   1.2784657e+00
  -2.2969111e+00   2.8968353e+00  -2.2969111e+00  -2.8968353e+00  -1.8746329e+00   0.0000000e+00   1.4684551e+00
  -2.3777249e+00   2.9948811e+00  -2.3777249e+00  -2.9948811e+00  -1.9312287e+00   0.0000000e+00   1.6866785e+00
  -2.4750448e+00   3.0981362e+00  -2.4750448e+00  -3.0981362e+00  -1.9872419e+00   0.0000000e+00   1.9373314e+00
  -2.5914193e+00   3.2055853e+00  -2.5914193e+00  -3.2055853e+00  -2.0423946e+00   0.0000000e+00   2.2252332e+00
  -2.7297320e+00   3.3157919e+00  -2.7297320e+00  -3.3157919e+00  -2.0964553e+00   0.0000000e+00   2.5559194e+00
  -2.8932567e+00   3.4267662e+00  -2.8932567e+00  -3.4267662e+00  -2.1492345e+00   0.0000000e+00   2.9357479e+00
  -3.0857207e+00   3.5357782e+00  -3.0857207e+00  -3.5357782e+00  -2.2005804e+00   0.0000000e+00   3.3720219e+00
  -3.3113783e+00   3.6390944e+00  -3.3113783e+00  -3.6390944e+00  -2.2503728e+00   0.0000000e+00   3.8731293e+00
  -3.5750934e+00   3.7315959e+00  -3.5750934e+00  -3.7315959e+00  -2.2985183e+00   0.0000000e+00   4.4487051e+00
  -3.8824351e+00   3.8062068e+00  -3.8824351e+00  -3.8062068e+00  -2.3449454e+00   0.0000000e+00   5.1098156e+00
  -4.2397860e+00   3.8530032e+00  -4.2397860e+00  -3.8530032e+00  -2.3896001e+00   0.0000000e+00   5.8691721e+00
  -4.6544657e+00   3.8577357e+00  -4.6544657e+00  -3.8577357e+00  -2.4324432e+00   0.0000000e+00   6.7413747e+00
  -5.1348730e+00   3.7991786e+00  -5.1348730e+00  -3.7991786e+00  -2.4734470e+00   0.0000000e+00   7.7431929e+00
  -5.6906476e+00   3.6437867e+00  -5.6906476e+00  -3.6437867e+00  -2.5125937e+00   0.0000000e+00   8.8938888e+00
  -6.0113127e+00   3.5077978e+00  -6.0113127e+00  -3.5077978e+00  -2.5321123e+00   0.0000000e+00   9.5547378e+00
  -6.3328564e+00   3.3328766e+00  -6.3328564e+00  -3.3328766e+00  -2.5498739e+00   0.0000000e+00   1.0215587e+01
  -6.7031085e+00   3.0753802e+00  -6.7031085e+00  -3.0753802e+00  -2.5684256e+00   0.0000000e+00   1.0974643e+01
  -7.0742067e+00   2.7411321e+00  -7.0742067e+00  -2.7411321e+00  -2.5852853e+00   0.0000000e+00   1.1733699e+01
  -7.5013422e+00   2.2178133e+00  -7.5013422e+00  -2.2178133e+00  -2.6028717e+00   0.0000000e+00   1.2605556e+01
  -7.7152225e+00   1.8644654e+00  -7.7152225e+00  -1.8644654e+00  -2.6110396e+00   0.0000000e+00   1.3041485e+01
  -7.9292904e+00   1.3918621e+00  -7.9292904e+00  -1.3918621e+00  -2.6188325e+00   0.0000000e+00   1.3477413e+01
  -8.0520662e+00   1.0058508e+00  -8.0520662e+00  -1.0058508e+00  -2.6231408e+00   0.0000000e+00   1.3727273e+01
  -8.1748966e+00   2.3352729e-01  -8.1748966e+00  -2.3352729e-01  -2.6273397e+00   0.0000000e+00   1.3977133e+01
  -8.1817760e+00   0.0000000e+00  -8.1817763e+00   0.0000000e+00  -2.6275717e+00   0.0000000e+00   1.3991124e+01
  -7.9549163e+00   0.0000000e+00  -8.4223956e+00   0.0000000e+00  -2.6278033e+00   0.0000000e+00   1.4005115e+01
  -6.3907431e+00   0.0000000e+00  -1.1438988e+01   0.0000000e+00  -2.6505261e+00   0.0000000e+00   1.5480257e+01
  -5.7586100e+00   0.0000000e+00  -1.4341745e+01   0.0000000e+00  -2.6803830e+00   0.0000000e+00   1.7780738e+01
  -5.3950885e+00   0.0000000e+00  -1.7319573e+01   0.0000000e+00  -2.7084263e+00   0.0000000e+00   2.0423087e+01
  -5.1440483e+00   0.0000000e+00  -2.0579377e+01   0.0000000e+00  -2.7346849e+00   0.0000000e+00   2.3458110e+01
  -4.9561753e+00   0.0000000e+00  -2.4228789e+01   0.0000000e+00  -2.7591942e+00   0.0000000e+00   2.6944159e+01
  -4.8089717e+00   0.0000000e+00  -2.8357293e+01   0.0000000e+00  -2.7819956e+00   0.0000000e+00   3.0948261e+01
  -4.6901753e+00   0.0000000e+00  -3.3054090e+01   0.0000000e+00  -2.8031367e+00   0.0000000e+00   3.5547402e+01
  -4.5923327e+00   0.0000000e+00  -3.8415005e+01   0.0000000e+00  -2.8226714e+00   0.0000000e+00   4.0830009e+01
  -4.5105606e+00   0.0000000e+00  -4.4546432e+01   0.0000000e+00  -2.8406588e+00   0.0000000e+00   4.6897652e+01
  -4.4414781e+00   0.0000000e+00  -5.1568349e+01   0.0000000e+00  -2.8571637e+00   0.0000000e+00   5.3866990e+01
  -4.3826414e+00   0.0000000e+00  -5.9617128e+01   0.0000000e+00  -2.8722554e+00   0.0000000e+00   6.1872025e+01
  -4.3322227e+00   0.0000000e+00  -6.8848437e+01   0.0000000e+00  -2.8860071e+00   0.0000000e+00   7.1066667e+01
  -4.0173815e+00   0.0000000e+00  -1.3749585e+03   0.0000000e+00  -2.9928357e+00   0.0000000e+00   1.3769687e+03
  -4.0000000e+00   0.0000000e+00             Inf   0.0000000e+00  -3.0000000e+00   0.0000000e+00             Inf
