  -1.0000000e+00   0.0000000e+00   1.0000000e+00   0.0000000e+00   0.0000000e+00
  -9.0000000e-01   0.0000000e+00   9.0000000e-01   0.0000000e+00   1.9000000e-01
  -8.9131134e-01   0.0000000e+00   8.9131134e-01   0.0000000e+00   2.0556409e-01
  -8.8181453e-01   0.0000000e+00   8.8181453e-01   0.0000000e+00   2.2240313e-01
  -8.7142322e-01   0.0000000e+00   8.7142322e-01   0.0000000e+00   2.4062157e-01
  -8.6003931e-01   0.0000000e+00   8.6003931e-01   0.0000000e+00   2.6033239e-01
  -8.4755068e-01   0.0000000e+00   8.4755068e-01   0.0000000e+00   2.8165785e-01
  -8.3382839e-01   0.0000000e+00   8.3382839e-01   0.0000000e+00   3.0473021e-01
  -8.1872305e-01   0.0000000e+00   8.1872305e-01   0.0000000e+00   3.2969257e-01
  -8.0206000e-01   0.0000000e+00   8.0206000e-01   0.0000000e+00   3.5669975e-01
  -7.8363303e-01   0.0000000e+00   7.8363303e-01   0.0000000e+00   3.8591927e-01
  -7.6319569e-01   0.0000000e+00   7.6319569e-01   0.0000000e+00   4.1753233e-01
  -7.4044917e-01   0.0000000e+00   7.4044917e-01   0.0000000e+00   4.5173502e-01
  -7.1502484e-01   0.0000000e+00   7.1502484e-01   0.0000000e+00   4.8873947e-01
  -6.8645817e-01   0.0000000e+00   6.8645817e-01   0.0000000e+00   5.2877519e-01
  -6.5414794e-01   0.0000000e+00   6.5414794e-01   0.0000000e+00   5.7209048e-01
  -6.1728924e-01   0.0000000e+00   6.1728924e-01   0.0000000e+00   6.1895399e-01
  -5.7475526e-01   0.0000000e+00   5.7475526e-01   0.0000000e+00   6.6965639e-01
  -5.2486937e-01   0.0000000e+00   5.2486937e-01   0.0000000e+00   7.2451215e-01
  -4.6490700e-01   0.0000000e+00   4.6490700e-01   0.0000000e+00   7.8386148e-01
  -3.8977880e-01   0.0000000e+00   3.8977880e-01   0.0000000e+00   8.4807249e-01
  -2.8715254e-01   0.0000000e+00   2.8715254e-01   0.0000000e+00   9.1754342e-01
  -8.5409880e-02   0.0000000e+00   8.5409880e-02   0.0000000e+00   9.9270515e-01
  -3.1622777e-02   0.0000000e+00   3.1622777e-02   0.0000000e+00   9.9900000e-01
   3.2517680e-17   1.5700925e-16   3.2517680e-17  -1.5700925e-16   1.0000000e+00
  -3.9925745e-17   3.1622777e-02  -3.9925745e-17  -3.1622777e-02   1.0010000e+00
  -3.2959746e-17   2.7207325e-01  -3.2959746e-17  -2.7207325e-01   1.0740239e+00
  -1.0408341e-17   4.0249706e-01  -1.0408341e-17  -4.0249706e-01   1.1620039e+00
  -1.2490009e-16   5.0713992e-01  -1.2490009e-16  -5.0713992e-01   1.2571909e+00
  -2.0816682e-17   6.0014606e-01  -2.0816682e-17  -6.0014606e-01   1.3601753e+00
   6.2450045e-17   6.8672831e-01   6.2450045e-17  -6.8672831e-01   1.4715958e+00
  -6.9388939e-18   7.6950855e-01  -6.9388939e-18  -7.6950855e-01   1.5921434e+00
  -1.3877788e-17   8.5003874e-01  -1.3877788e-17  -8.5003874e-01   1.7225659e+00
   0.0000000e+00   9.2933956e-01   0.0000000e+00  -9.2933956e-01   1.8636720e+00
   8.3266727e-17   1.0081354e+00   8.3266727e-17  -1.0081354e+00   2.0163371e+00
   2.7755576e-17   1.0869719e+00   2.7755576e-17  -1.0869719e+00   2.1815079e+00
  -5.5511151e-17   1.1662799e+00  -5.5511151e-17  -1.1662799e+00   2.3602089e+00
  -4.1633363e-17   1.2464142e+00  -4.1633363e-17  -1.2464142e+00   2.5535484e+00
  -1.3877788e-17   1.3276767e+00  -1.3877788e-17  -1.3276767e+00   2.7627255e+00
   2.7755576e-17   1.4103325e+00   2.7755576e-17  -1.4103325e+00   2.9890377e+00
   8.3266727e-17   1.4946199e+00   8.3266727e-17  -1.4946199e+00   3.2338885e+00
  -5.5511151e-17   1.5807582e+00  -5.5511151e-17  -1.5807582e+00   3.4987966e+00
  -2.7755576e-17   1.6689533e+00  -2.7755576e-17  -1.6689533e+00   3.7854050e+00
  -5.5511151e-17   1.7594008e+00  -5.5511151e-17  -1.7594008e+00   4.0954912e+00
  -5.5511151e-17   1.8522901e+00  -5.5511151e-17  -1.8522901e+00   4.4309786e+00
   1.1102230e-16   1.9478059e+00   1.1102230e-16  -1.9478059e+00   4.7939478e+00
   0.0000000e+00   2.0461305e+00   0.0000000e+00  -2.0461305e+00   5.1866501e+00
  -5.5511151e-17   2.1474453e+00  -5.5511151e-17  -2.1474453e+00   5.6115211e+00
   1.6653345e-16   2.2519316e+00   1.6653345e-16  -2.2519316e+00   6.0711960e+00
   5.5511151e-17   2.3597724e+00   5.5511151e-17  -2.3597724e+00   6.5685257e+00
   0.0000000e+00   2.4711525e+00   0.0000000e+00  -2.4711525e+00   7.1065948e+00
  -5.5511151e-17   2.5862600e+00  -5.5511151e-17  -2.5862600e+00   7.6887406e+00
   0.0000000e+00   2.7052862e+00   0.0000000e+00  -2.7052862e+00   8.3185735e+00
   5.5511151e-17   2.8284271e+00   5.5511151e-17  -2.8284271e+00   9.0000000e+00
   4.4408921e-16   5.6559703e+01   4.4408921e-16  -5.6559703e+01   3.2000000e+03
             Inf   0.0000000e+00             Inf   0.0000000e+00             Inf
