  -2.0000000e+01   0.0000000e+00  -8.0000000e+00   0.0000000e+00  -4.0000000e+00   0.0000000e+00   0.0000000e+00
  -1.9762528e+01   0.0000000e+00  -7.7837622e+00   0.0000000e+00  -4.4537097e+00   0.0000000e+00   3.5234375e-02
  -1.9727390e+01   0.0000000e+00  -7.7462239e+00   0.0000000e+00  -4.5263862e+00   0.0000000e+00   4.0382540e-02
  -1.9686976e+01   0.0000000e+00  -7.7007379e+00   0.0000000e+00  -4.6122860e+00   0.0000000e+00   4.6282914e-02
  -1.9640470e+01   0.0000000e+00  -7.6449162e+00   0.0000000e+00  -4.7146142e+00   0.0000000e+00   5.3045403e-02
  -1.9586919e+01   0.0000000e+00  -7.5752179e+00   0.0000000e+00  -4.8378635e+00   0.0000000e+00   6.0795973e-02
  -1.9525212e+01   0.0000000e+00  -7.4860164e+00   0.0000000e+00  -4.9887720e+00   0.0000000e+00   6.9678994e-02
  -1.9454047e+01   0.0000000e+00  -7.3673833e+00   0.0000000e+00  -5.1785700e+00   0.0000000e+00   7.9859932e-02
  -1.9371894e+01   0.0000000e+00  -7.1983391e+00   0.0000000e+00  -5.4297672e+00   0.0000000e+00   9.1528426e-02
  -1.9276947e+01   0.0000000e+00  -6.9121629e+00   0.0000000e+00  -5.8108898e+00   0.0000000e+00   1.0490183e-01
  -1.9217444e+01   0.0000000e+00  -6.4551641e+00   0.0000000e+00  -6.3273918e+00   0.0000000e+00   1.1322192e-01
  -1.9216631e+01   0.0000000e+00  -6.3916847e+00   0.0000000e+00  -6.3916841e+00   0.0000000e+00   1.1333526e-01
  -1.9215818e+01   0.0000000e+00  -6.3920909e+00   6.3887655e-02  -6.3920909e+00  -6.3887655e-02   1.1344859e-01
  -1.9167068e+01   0.0000000e+00  -6.4164662e+00   4.9862010e-01  -6.4164662e+00  -4.9862010e-01   1.2022924e-01
  -1.9039705e+01   0.0000000e+00  -6.4801474e+00   9.4096083e-01  -6.4801474e+00  -9.4096083e-01   1.3779618e-01
  -1.8891803e+01   0.0000000e+00  -6.5540985e+00   1.2733180e+00  -6.5540985e+00  -1.2733180e+00   1.5792985e-01
  -1.8719670e+01   0.0000000e+00  -6.6401648e+00   1.5727352e+00  -6.6401648e+00  -1.5727352e+00   1.8100530e-01
  -1.8518814e+01   0.0000000e+00  -6.7405929e+00   1.8608420e+00  -6.7405929e+00  -1.8608420e+00   2.0745235e-01
  -1.8283715e+01   0.0000000e+00  -6.8581423e+00   2.1482513e+00  -6.8581423e+00  -2.1482513e+00   2.3776363e-01
  -1.8007526e+01   0.0000000e+00  -6.9962369e+00   2.4419888e+00  -6.9962369e+00  -2.4419888e+00   2.7250375e-01
  -1.7681667e+01   0.0000000e+00  -7.1591665e+00   2.7479583e+00  -7.1591665e+00  -2.7479583e+00   3.1231981e-01
  -1.7295307e+01   0.0000000e+00  -7.3523467e+00   3.0722734e+00  -7.3523467e+00  -3.0722734e+00   3.5795349e-01
  -1.6834779e+01   0.0000000e+00  -7.5826104e+00   3.4224974e+00  -7.5826104e+00  -3.4224974e+00   4.1025479e-01
  -1.6283274e+01   0.0000000e+00  -7.8583629e+00   3.8094243e+00  -7.8583629e+00  -3.8094243e+00   4.7019794e-01
  -1.5622207e+01   0.0000000e+00  -8.1888966e+00   4.2501572e+00  -8.1888966e+00  -4.2501572e+00   5.3889950e-01
  -1.4839217e+01   0.0000000e+00  -8.5803916e+00   4.7730612e+00  -8.5803916e+00  -4.7730612e+00   6.1763918e-01
  -1.3955015e+01   0.0000000e+00  -9.0224925e+00   5.4208582e+00  -9.0224925e+00  -5.4208582e+00   7.0788368e-01
  -1.3067326e+01   0.0000000e+00  -9.4663371e+00   6.2319523e+00  -9.4663371e+00  -6.2319523e+00   8.1131398e-01
  -1.2318400e+01   0.0000000e+00  -9.8408000e+00   7.1926692e+00  -9.8408000e+00  -7.1926692e+00   9.2985669e-01
  -1.1764783e+01   0.0000000e+00  -1.0117609e+01   8.2451931e+00  -1.0117609e+01  -8.2451931e+00   1.0657199e+00
  -1.1371714e+01   0.0000000e+00  -1.0314143e+01   9.3478921e+00  -1.0314143e+01  -9.3478921e+00   1.2214344e+00
  -1.1088977e+01   0.0000000e+00  -1.0455512e+01   1.0487502e+01  -1.0455512e+01  -1.0487502e+01   1.3999006e+00
  -1.0879874e+01   0.0000000e+00  -1.0560063e+01   1.1664881e+01  -1.0560063e+01  -1.1664881e+01   1.6044429e+00
  -1.0720922e+01   0.0000000e+00  -1.0639539e+01   1.2885821e+01  -1.0639539e+01  -1.2885821e+01   1.8388713e+00
  -1.0597226e+01   0.0000000e+00  -1.0701387e+01   1.4157577e+01  -1.0701387e+01  -1.4157577e+01   2.1075524e+00
  -1.0499098e+01   0.0000000e+00  -1.0750451e+01   1.5487756e+01  -1.0750451e+01  -1.5487756e+01   2.4154911e+00
  -1.0420029e+01   0.0000000e+00  -1.0789985e+01   1.6884030e+01  -1.0789985e+01  -1.6884030e+01   2.7684234e+00
  -1.0355503e+01   0.0000000e+00  -1.0822248e+01   1.8354113e+01  -1.0822248e+01  -1.8354113e+01   3.1729232e+00
  -1.0302296e+01   0.0000000e+00  -1.0848852e+01   1.9905816e+01  -1.0848852e+01  -1.9905816e+01   3.6365254e+00
  -1.0258044e+01   0.0000000e+00  -1.0870978e+01   2.1547127e+01  -1.0870978e+01  -2.1547127e+01   4.1678654e+00
  -1.0220977e+01   0.0000000e+00  -1.0889511e+01   2.3286289e+01  -1.0889511e+01  -2.3286289e+01   4.7768406e+00
  -1.0189744e+01   0.0000000e+00  -1.0905128e+01   2.5131871e+01  -1.0905128e+01  -2.5131871e+01   5.4747943e+00
  -1.0163295e+01   0.0000000e+00  -1.0918352e+01   2.7092837e+01  -1.0918352e+01  -2.7092837e+01   6.2747275e+00
  -1.0140803e+01   0.0000000e+00  -1.0929599e+01   2.9178609e+01  -1.0929599e+01  -2.9178609e+01   7.1915404e+00
  -1.0121607e+01   0.0000000e+00  -1.0939197e+01   3.1399128e+01  -1.0939197e+01  -3.1399128e+01   8.2423108e+00
  -1.0105174e+01   0.0000000e+00  -1.0947413e+01   3.3764913e+01  -1.0947413e+01  -3.3764913e+01   9.4466113e+00
  -1.0091070e+01   0.0000000e+00  -1.0954465e+01   3.6287120e+01  -1.0954465e+01  -3.6287120e+01   1.0826875e+01
  -1.0078938e+01   0.0000000e+00  -1.0960531e+01   3.8977603e+01  -1.0960531e+01  -3.8977603e+01   1.2408811e+01
  -1.0068483e+01   0.0000000e+00  -1.0965759e+01   4.1848974e+01  -1.0965759e+01  -4.1848974e+01   1.4221887e+01
  -1.0059457e+01   0.0000000e+00  -1.0970272e+01   4.4914667e+01  -1.0970272e+01  -4.4914667e+01   1.6299876e+01
  -1.0051654e+01   0.0000000e+00  -1.0974173e+01   4.8189005e+01  -1.0974173e+01  -4.8189005e+01   1.8681483e+01
  -1.0044901e+01   0.0000000e+00  -1.0977549e+01   5.1687269e+01  -1.0977549e+01  -5.1687269e+01   2.1411072e+01
  -1.0039050e+01   0.0000000e+00  -1.0980475e+01   5.5425773e+01  -1.0980475e+01  -5.5425773e+01   2.4539487e+01
  -1.0033976e+01   0.0000000e+00  -1.0983012e+01   5.9421939e+01  -1.0983012e+01  -5.9421939e+01   2.8125000e+01
  -1.0000082e+01   0.0000000e+00  -1.0999959e+01   1.2085398e+03  -1.0999959e+01  -1.2085398e+03   1.1411230e+04
  -1.0000000e+01   0.0000000e+00             Inf   0.0000000e+00             Inf   0.0000000e+00             Inf
