   0.0000000e+00   0.0000000e+00  -2.0000000e+01   0.0000000e+00  -8.0000000e+00   0.0000000e+00  -4.0000000e+00   0.0000000e+00   0.0000000e+00
  -8.8118599e-02   0.0000000e+00  -1.9698814e+01   0.0000000e+00  -7.7425159e+00   0.0000000e+00  -4.4705515e+00   0.0000000e+00   4.6939764e-02
  -9.9524354e-02   0.0000000e+00  -1.9656187e+01   0.0000000e+00  -7.6987147e+00   0.0000000e+00  -4.5455741e+00   0.0000000e+00   5.3484216e-02
  -1.1227018e-01   0.0000000e+00  -1.9607422e+01   0.0000000e+00  -7.6455598e+00   0.0000000e+00  -4.6347480e+00   0.0000000e+00   6.0941110e-02
  -1.2647433e-01   0.0000000e+00  -1.9551603e+01   0.0000000e+00  -7.5800988e+00   0.0000000e+00  -4.7418241e+00   0.0000000e+00   6.9437661e-02
  -1.4225402e-01   0.0000000e+00  -1.9487665e+01   0.0000000e+00  -7.4978227e+00   0.0000000e+00  -4.8722579e+00   0.0000000e+00   7.9118822e-02
  -1.5972143e-01   0.0000000e+00  -1.9414372e+01   0.0000000e+00  -7.3912412e+00   0.0000000e+00  -5.0346650e+00   0.0000000e+00   9.0149753e-02
  -1.7897870e-01   0.0000000e+00  -1.9330279e+01   0.0000000e+00  -7.2461202e+00   0.0000000e+00  -5.2446225e+00   0.0000000e+00   1.0271864e-01
  -2.0011170e-01   0.0000000e+00  -1.9233692e+01   0.0000000e+00  -7.0274763e+00   0.0000000e+00  -5.5387204e+00   0.0000000e+00   1.1703991e-01
  -2.2318282e-01   0.0000000e+00  -1.9122620e+01   0.0000000e+00  -6.5163340e+00   0.0000000e+00  -6.1378632e+00   0.0000000e+00   1.3335789e-01
  -2.2453879e-01   0.0000000e+00  -1.9115897e+01   0.0000000e+00  -6.3954570e+00   0.0000000e+00  -6.2641074e+00   0.0000000e+00   1.3434047e-01
  -2.2472408e-01   0.0000000e+00  -1.9114976e+01   0.0000000e+00  -6.3301498e+00   1.3834230e-07  -6.3301498e+00  -1.3834230e-07   1.3447495e-01
  -2.2490930e-01   0.0000000e+00  -1.9114056e+01   0.0000000e+00  -6.3305174e+00   6.5679460e-02  -6.3305174e+00  -6.5679460e-02   1.3460942e-01
  -2.4822288e-01   0.0000000e+00  -1.8994711e+01   0.0000000e+00  -6.3785330e+00   7.5215565e-01  -6.3785330e+00  -7.5215565e-01   1.5195096e-01
  -2.7522258e-01   0.0000000e+00  -1.8847169e+01   0.0000000e+00  -6.4388042e+00   1.1249056e+00  -6.4388042e+00  -1.1249056e+00   1.7313632e-01
  -3.0412418e-01   0.0000000e+00  -1.8676652e+01   0.0000000e+00  -6.5096117e+00   1.4426406e+00  -6.5096117e+00  -1.4426406e+00   1.9727539e-01
  -3.3481430e-01   0.0000000e+00  -1.8479140e+01   0.0000000e+00  -6.5930230e+00   1.7421662e+00  -6.5930230e+00  -1.7421662e+00   2.2477998e-01
  -3.6711901e-01   0.0000000e+00  -1.8249757e+01   0.0000000e+00  -6.6915620e+00   2.0382540e+00  -6.6915620e+00  -2.0382540e+00   2.5611933e-01
  -4.0080241e-01   0.0000000e+00  -1.7982552e+01   0.0000000e+00  -6.8083230e+00   2.3395854e+00  -6.8083230e+00  -2.3395854e+00   2.9182808e-01
  -4.3556969e-01   0.0000000e+00  -1.7670207e+01   0.0000000e+00  -6.9471117e+00   2.6527915e+00  -6.9471117e+00  -2.6527915e+00   3.3251544e-01
  -4.7107545e-01   0.0000000e+00  -1.7303698e+01   0.0000000e+00  -7.1126133e+00   2.9841702e+00  -7.1126133e+00  -2.9841702e+00   3.7887551e-01
  -5.0693708e-01   0.0000000e+00  -1.6871957e+01   0.0000000e+00  -7.3105528e+00   3.3409051e+00  -7.3105528e+00  -3.3409051e+00   4.3169922e-01
  -5.4275237e-01   0.0000000e+00  -1.6361810e+01   0.0000000e+00  -7.5477186e+00   3.7324785e+00  -7.5477186e+00  -3.7324785e+00   4.9188773e-01
  -5.7811952e-01   0.0000000e+00  -1.5759096e+01   0.0000000e+00  -7.8313920e+00   4.1728000e+00  -7.8313920e+00  -4.1728000e+00   5.6046787e-01
  -6.1265741e-01   0.0000000e+00  -1.5053738e+01   0.0000000e+00  -8.1668025e+00   4.6833615e+00  -8.1668025e+00  -4.6833615e+00   6.3860960e-01
  -6.4602354e-01   0.0000000e+00  -1.4255158e+01   0.0000000e+00  -8.5494091e+00   5.2957088e+00  -8.5494091e+00  -5.2957088e+00   7.2764604e-01
  -6.7792799e-01   0.0000000e+00  -1.3420952e+01   0.0000000e+00  -8.9505600e+00   6.0438069e+00  -8.9505600e+00  -6.0438069e+00   8.2909615e-01
  -7.0814203e-01   0.0000000e+00  -1.2659437e+01   0.0000000e+00  -9.3162106e+00   6.9349541e+00  -9.3162106e+00  -6.9349541e+00   9.4469067e-01
  -7.3650123e-01   0.0000000e+00  -1.2052808e+01   0.0000000e+00  -9.6053452e+00   7.9340015e+00  -9.6053452e+00  -7.9340015e+00   1.0764016e+00
  -7.6290374e-01   0.0000000e+00  -1.1603757e+01   0.0000000e+00  -9.8166697e+00   8.9983631e+00  -9.8166697e+00  -8.9983631e+00   1.2264761e+00
  -7.8730475e-01   0.0000000e+00  -1.1275399e+01   0.0000000e+00  -9.9686482e+00   1.0105834e+01  -9.9686482e+00  -1.0105834e+01   1.3974742e+00
  -8.0970852e-01   0.0000000e+00  -1.1031449e+01   0.0000000e+00  -1.0079421e+01   1.1251004e+01  -1.0079421e+01  -1.1251004e+01   1.5923133e+00
  -8.3015927e-01   0.0000000e+00  -1.0845997e+01   0.0000000e+00  -1.0161922e+01   1.2436225e+01  -1.0161922e+01  -1.2436225e+01   1.8143174e+00
  -8.4873194e-01   0.0000000e+00  -1.0701860e+01   0.0000000e+00  -1.0224704e+01   1.3666773e+01  -1.0224704e+01  -1.3666773e+01   2.0672737e+00
  -8.6552355e-01   0.0000000e+00  -1.0587668e+01   0.0000000e+00  -1.0273404e+01   1.4948929e+01  -1.0273404e+01  -1.4948929e+01   2.3554979e+00
  -8.8064565e-01   0.0000000e+00  -1.0495739e+01   0.0000000e+00  -1.0311808e+01   1.6289306e+01  -1.0311808e+01  -1.6289306e+01   2.6839069e+00
  -8.9421802e-01   0.0000000e+00  -1.0420743e+01   0.0000000e+00  -1.0342519e+01   1.7694652e+01  -1.0342519e+01  -1.7694652e+01   3.0581034e+00
  -9.0636357e-01   0.0000000e+00  -1.0358887e+01   0.0000000e+00  -1.0367375e+01   1.9171823e+01  -1.0367375e+01  -1.9171823e+01   3.4844713e+00
  -9.1720455e-01   0.0000000e+00  -1.0307399e+01   0.0000000e+00  -1.0387698e+01   2.0727821e+01  -1.0387698e+01  -2.0727821e+01   3.9702845e+00
  -9.2685967e-01   0.0000000e+00  -1.0264214e+01   0.0000000e+00  -1.0404463e+01   2.2369841e+01  -1.0404463e+01  -2.2369841e+01   4.5238308e+00
  -9.3544219e-01   0.0000000e+00  -1.0227760e+01   0.0000000e+00  -1.0418399e+01   2.4105331e+01  -1.0418399e+01  -2.4105331e+01   5.1545538e+00
  -9.4305860e-01   0.0000000e+00  -1.0196821e+01   0.0000000e+00  -1.0430060e+01   2.5942046e+01  -1.0430060e+01  -2.5942046e+01   5.8732137e+00
  -9.4980794e-01   0.0000000e+00  -1.0170442e+01   0.0000000e+00  -1.0439875e+01   2.7888099e+01  -1.0439875e+01  -2.7888099e+01   6.6920709e+00
  -9.5578149e-01   0.0000000e+00  -1.0147864e+01   0.0000000e+00  -1.0448177e+01   2.9952010e+01  -1.0448177e+01  -2.9952010e+01   7.6250950e+00
  -9.6106269e-01   0.0000000e+00  -1.0128473e+01   0.0000000e+00  -1.0455232e+01   3.2142756e+01  -1.0455232e+01  -3.2142756e+01   8.6882036e+00
  -9.6572742e-01   0.0000000e+00  -1.0111772e+01   0.0000000e+00  -1.0461250e+01   3.4469817e+01  -1.0461250e+01  -3.4469817e+01   9.8995332e+00
  -9.6984429e-01   0.0000000e+00  -1.0097353e+01   0.0000000e+00  -1.0466402e+01   3.6943227e+01  -1.0466402e+01  -3.6943227e+01   1.1279749e+01
  -9.7347506e-01   0.0000000e+00  -1.0084877e+01   0.0000000e+00  -1.0470824e+01   3.9573619e+01  -1.0470824e+01  -3.9573619e+01   1.2852398e+01
  -9.7667516e-01   0.0000000e+00  -1.0074062e+01   0.0000000e+00  -1.0474631e+01   4.2372276e+01  -1.0474631e+01  -4.2372276e+01   1.4644309e+01
  -9.7949416e-01   0.0000000e+00  -1.0064673e+01   0.0000000e+00  -1.0477916e+01   4.5351186e+01  -1.0477916e+01  -4.5351186e+01   1.6686053e+01
  -9.8197629e-01   0.0000000e+00  -1.0056511e+01   0.0000000e+00  -1.0480757e+01   4.8523089e+01  -1.0480757e+01  -4.8523089e+01   1.9012462e+01
  -9.8416091e-01   0.0000000e+00  -1.0049406e+01   0.0000000e+00  -1.0483217e+01   5.1901541e+01  -1.0483217e+01  -5.1901541e+01   2.1663223e+01
  -9.8608300e-01   0.0000000e+00  -1.0043215e+01   0.0000000e+00  -1.0485351e+01   5.5500969e+01  -1.0485351e+01  -5.5500969e+01   2.4683560e+01
  -9.8777358e-01   0.0000000e+00  -1.0037816e+01   0.0000000e+00  -1.0487205e+01   5.9336736e+01  -1.0487205e+01  -5.9336736e+01   2.8125000e+01
  -9.9996947e-01   0.0000000e+00  -1.0000092e+01   0.0000000e+00  -1.0499969e+01   1.2050944e+03  -1.0499969e+01  -1.2050944e+03   1.1346343e+04
  -1.0000000e+00   0.0000000e+00  -1.0000000e+01   0.0000000e+00             Inf   0.0000000e+00             Inf   0.0000000e+00             Inf
