   0.0000000e+00   0.0000000e+00
   5.0251256e-03   2.8959281e-03
   1.0050251e-02   1.1321872e-02
   1.5075377e-02   2.4854870e-02
   2.0100503e-02   4.3039826e-02
   2.5125628e-02   6.5399096e-02
   3.0150754e-02   9.1441332e-02
   3.5175879e-02   1.2066954e-01
   4.0201005e-02   1.5258836e-01
   4.5226131e-02   1.8671053e-01
   5.0251256e-02   2.2256259e-01
   5.5276382e-02   2.5968973e-01
   6.0301508e-02   2.9765998e-01
   6.5326633e-02   3.3606758e-01
   7.0351759e-02   3.7453569e-01
   7.5376884e-02   4.1271847e-01
   8.0402010e-02   4.5030247e-01
   8.5427136e-02   4.8700753e-01
   9.0452261e-02   5.2258713e-01
   9.5477387e-02   5.5682824e-01
   1.0050251e-01   5.8955084e-01
   1.0552764e-01   6.2060698e-01
   1.1055276e-01   6.4987955e-01
   1.1557789e-01   6.7728082e-01
   1.2060302e-01   7.0275074e-01
   1.2562814e-01   7.2625499e-01
   1.3065327e-01   7.4778304e-01
   1.3567839e-01   7.6734597e-01
   1.4070352e-01   7.8497433e-01
   1.4572864e-01   8.0071590e-01
   1.5075377e-01   8.1463354e-01
   1.5577889e-01   8.2680300e-01
   1.6080402e-01   8.3731080e-01
   1.6582915e-01   8.4625223e-01
   1.7085427e-01   8.5372938e-01
   1.7587940e-01   8.5984931e-01
   1.8090452e-01   8.6472240e-01
   1.8592965e-01   8.6846068e-01
   1.9095477e-01   8.7117645e-01
   1.9597990e-01   8.7298097e-01
   2.0100503e-01   8.7398327e-01
   2.0603015e-01   8.7428917e-01
   2.1105528e-01   8.7400037e-01
   2.1608040e-01   8.7321372e-01
   2.2110553e-01   8.7202060e-01
   2.2613065e-01   8.7050646e-01
   2.3115578e-01   8.6875043e-01
   2.3618090e-01   8.6682509e-01
   2.4120603e-01   8.6479630e-01
   2.4623116e-01   8.6272314e-01
   2.5125628e-01   8.6065799e-01
   2.5628141e-01   8.5864658e-01
   2.6130653e-01   8.5672818e-01
   2.6633166e-01   8.5493587e-01
   2.7135678e-01   8.5329678e-01
   2.7638191e-01   8.5183245e-01
   2.8140704e-01   8.5055916e-01
   2.8643216e-01   8.4948833e-01
   2.9145729e-01   8.4862693e-01
   2.9648241e-01   8.4797787e-01
   3.0150754e-01   8.4754044e-01
   3.0653266e-01   8.4731073e-01
   3.1155779e-01   8.4728203e-01
   3.1658291e-01   8.4744523e-01
   3.2160804e-01   8.4778923e-01
   3.2663317e-01   8.4830130e-01
   3.3165829e-01   8.4896744e-01
   3.3668342e-01   8.4977269e-01
   3.4170854e-01   8.5070146e-01
   3.4673367e-01   8.5173780e-01
   3.5175879e-01   8.5286568e-01
   3.5678392e-01   8.5406918e-01
   3.6180905e-01   8.5533271e-01
   3.6683417e-01   8.5664120e-01
   3.7185930e-01   8.5798024e-01
   3.7688442e-01   8.5933622e-01
   3.8190955e-01   8.6069639e-01
   3.8693467e-01   8.6204900e-01
   3.9195980e-01   8.6338332e-01
   3.9698492e-01   8.6468970e-01
   4.0201005e-01   8.6595958e-01
   4.0703518e-01   8.6718549e-01
   4.1206030e-01   8.6836107e-01
   4.1708543e-01   8.6948100e-01
   4.2211055e-01   8.7054101e-01
   4.2713568e-01   8.7153782e-01
   4.3216080e-01   8.7246907e-01
   4.3718593e-01   8.7333332e-01
   4.4221106e-01   8.7412989e-01
   4.4723618e-01   8.7485889e-01
   4.5226131e-01   8.7552108e-01
   4.5728643e-01   8.7611784e-01
   4.6231156e-01   8.7665108e-01
   4.6733668e-01   8.7712317e-01
   4.7236181e-01   8.7753686e-01
   4.7738693e-01   8.7789524e-01
   4.8241206e-01   8.7820164e-01
   4.8743719e-01   8.7845960e-01
   4.9246231e-01   8.7867277e-01
   4.9748744e-01   8.7884490e-01
   5.0251256e-01   8.7897979e-01
   5.0753769e-01   8.7908118e-01
   5.1256281e-01   8.7915279e-01
   5.1758794e-01   8.7919824e-01
   5.2261307e-01   8.7922102e-01
   5.2763819e-01   8.7922449e-01
   5.3266332e-01   8.7921180e-01
   5.3768844e-01   8.7918596e-01
   5.4271357e-01   8.7914974e-01
   5.4773869e-01   8.7910570e-01
   5.5276382e-01   8.7905619e-01
   5.5778894e-01   8.7900333e-01
   5.6281407e-01   8.7894901e-01
   5.6783920e-01   8.7889491e-01
   5.7286432e-01   8.7884248e-01
   5.7788945e-01   8.7879296e-01
   5.8291457e-01   8.7874739e-01
   5.8793970e-01   8.7870661e-01
   5.9296482e-01   8.7867130e-01
   5.9798995e-01   8.7864194e-01
   6.0301508e-01   8.7861888e-01
   6.0804020e-01   8.7860231e-01
   6.1306533e-01   8.7859229e-01
   6.1809045e-01   8.7858879e-01
   6.2311558e-01   8.7859166e-01
   6.2814070e-01   8.7860065e-01
   6.3316583e-01   8.7861545e-01
   6.3819095e-01   8.7863571e-01
   6.4321608e-01   8.7866099e-01
   6.4824121e-01   8.7869083e-01
   6.5326633e-01   8.7872474e-01
   6.5829146e-01   8.7876223e-01
   6.6331658e-01   8.7880278e-01
   6.6834171e-01   8.7884587e-01
   6.7336683e-01   8.7889099e-01
   6.7839196e-01   8.7893765e-01
   6.8341709e-01   8.7898537e-01
   6.8844221e-01   8.7903370e-01
   6.9346734e-01   8.7908221e-01
   6.9849246e-01   8.7913051e-01
   7.0351759e-01   8.7917822e-01
   7.0854271e-01   8.7922503e-01
   7.1356784e-01   8.7927063e-01
   7.1859296e-01   8.7931477e-01
   7.2361809e-01   8.7935722e-01
   7.2864322e-01   8.7939780e-01
   7.3366834e-01   8.7943635e-01
   7.3869347e-01   8.7947274e-01
   7.4371859e-01   8.7950691e-01
   7.4874372e-01   8.7953877e-01
   7.5376884e-01   8.7956831e-01
   7.5879397e-01   8.7959552e-01
   7.6381910e-01   8.7962041e-01
   7.6884422e-01   8.7964302e-01
   7.7386935e-01   8.7966341e-01
   7.7889447e-01   8.7968166e-01
   7.8391960e-01   8.7969786e-01
   7.8894472e-01   8.7971209e-01
   7.9396985e-01   8.7972448e-01
   7.9899497e-01   8.7973514e-01
   8.0402010e-01   8.7974418e-01
   8.0904523e-01   8.7975174e-01
   8.1407035e-01   8.7975795e-01
   8.1909548e-01   8.7976293e-01
   8.2412060e-01   8.7976680e-01
   8.2914573e-01   8.7976969e-01
   8.3417085e-01   8.7977172e-01
   8.3919598e-01   8.7977301e-01
   8.4422111e-01   8.7977367e-01
   8.4924623e-01   8.7977379e-01
   8.5427136e-01   8.7977349e-01
   8.5929648e-01   8.7977284e-01
   8.6432161e-01   8.7977194e-01
   8.6934673e-01   8.7977085e-01
   8.7437186e-01   8.7976965e-01
   8.7939698e-01   8.7976840e-01
   8.8442211e-01   8.7976715e-01
   8.8944724e-01   8.7976595e-01
   8.9447236e-01   8.7976483e-01
   8.9949749e-01   8.7976383e-01
   9.0452261e-01   8.7976298e-01
   9.0954774e-01   8.7976229e-01
   9.1457286e-01   8.7976179e-01
   9.1959799e-01   8.7976148e-01
   9.2462312e-01   8.7976136e-01
   9.2964824e-01   8.7976145e-01
   9.3467337e-01   8.7976173e-01
   9.3969849e-01   8.7976220e-01
   9.4472362e-01   8.7976286e-01
   9.4974874e-01   8.7976369e-01
   9.5477387e-01   8.7976467e-01
   9.5979899e-01   8.7976581e-01
   9.6482412e-01   8.7976708e-01
   9.6984925e-01   8.7976846e-01
   9.7487437e-01   8.7976995e-01
   9.7989950e-01   8.7977151e-01
   9.8492462e-01   8.7977315e-01
   9.8994975e-01   8.7977483e-01
   9.9497487e-01   8.7977656e-01
   1.0000000e+00   8.7977830e-01
