   0.0000000e+00   8.1385229e-03   5.3958407e+00
   1.0000000e-02   3.9504062e-02   5.2344963e+00
   2.0000000e-02   9.8375394e-02   4.8029313e+00
   3.0000000e-02   1.7896951e-01   4.1739471e+00
   4.0000000e-02   2.7490071e-01   3.4201563e+00
   5.0000000e-02   3.7969942e-01   2.6095455e+00
   6.0000000e-02   4.8724627e-01   1.8020721e+00
   7.0000000e-02   5.9210914e-01   1.0473306e+00
   8.0000000e-02   6.8977901e-01   3.8325134e-01
   9.0000000e-02   7.7680752e-01  -1.6426269e-01
   1.0000000e-01   8.5085425e-01  -5.8089684e-01
   1.1000000e-01   9.1065645e-01  -8.6284610e-01
   1.2000000e-01   9.5593627e-01  -1.0152714e+00
   1.3000000e-01   9.8726178e-01  -1.0504645e+00
   1.4000000e-01   1.0058784e+00  -9.8588360e-01
   1.5000000e-01   1.0135260e+00  -8.4220292e-01
   1.6000000e-01   1.0122559e+00  -6.4149362e-01
   1.7000000e-01   1.0042587e+00  -4.0562621e-01
   1.8000000e-01   9.9171188e-01  -1.5495542e-01
   1.9000000e-01   9.7665333e-01   9.2679241e-02
   2.0000000e-01   9.6088454e-01   3.2262894e-01
   2.1000000e-01   9.4590403e-01   5.2380012e-01
   2.2000000e-01   9.3287027e-01   6.8873838e-01
   2.3000000e-01   9.2259148e-01   8.1347375e-01
   2.4000000e-01   9.1553832e-01   8.9717740e-01
   2.5000000e-01   9.1187493e-01   9.4168270e-01
   2.6000000e-01   9.1150335e-01   9.5092301e-01
   2.7000000e-01   9.1411627e-01   9.3033514e-01
   2.8000000e-01   9.1925357e-01   8.8627075e-01
   2.9000000e-01   9.2635848e-01   8.2545086e-01
   3.0000000e-01   9.3483002e-01   7.5448970e-01
   3.1000000e-01   9.4406915e-01   6.7950553e-01
   3.2000000e-01   9.5351680e-01   6.0582777e-01
   3.3000000e-01   9.6268295e-01   5.3780216e-01
   3.4000000e-01   9.7116628e-01   4.7868944e-01
   3.5000000e-01   9.7866506e-01   4.3064797e-01
   3.6000000e-01   9.8497988e-01   3.9478719e-01
   3.7000000e-01   9.9000953e-01   3.7127670e-01
   3.8000000e-01   9.9374143e-01   3.5949474e-01
   3.9000000e-01   9.9623817e-01   3.5820037e-01
   4.0000000e-01   9.9762160e-01   3.6571473e-01
   4.1000000e-01   9.9805591e-01   3.8009855e-01
   4.2000000e-01   9.9773086e-01   3.9931582e-01
   4.3000000e-01   9.9684626e-01   4.2137567e-01
   4.4000000e-01   9.9559841e-01   4.4444752e-01
   4.5000000e-01   9.9416898e-01   4.6694689e-01
   4.6000000e-01   9.9271663e-01   4.8759155e-01
   4.7000000e-01   9.9137145e-01   5.0542951e-01
   4.8000000e-01   9.9023205e-01   5.1984198e-01
   4.9000000e-01   9.8936510e-01   5.3052522e-01
   5.0000000e-01   9.8880680e-01   5.3745615e-01
   5.1000000e-01   9.8856607e-01   5.4084632e-01
   5.2000000e-01   9.8862874e-01   5.4108934e-01
   5.3000000e-01   9.8896257e-01   5.3870587e-01
   5.4000000e-01   9.8952238e-01   5.3429012e-01
   5.5000000e-01   9.9025522e-01   5.2846082e-01
   5.6000000e-01   9.9110504e-01   5.2181901e-01
   5.7000000e-01   9.9201680e-01   5.1491400e-01
   5.8000000e-01   9.9293980e-01   5.0821827e-01
   5.9000000e-01   9.9383015e-01   5.0211140e-01
   6.0000000e-01   9.9465244e-01   4.9687233e-01
   6.1000000e-01   9.9538056e-01   4.9267927e-01
   6.2000000e-01   9.9599777e-01   4.8961567e-01
   6.3000000e-01   9.9649630e-01   4.8768118e-01
   6.4000000e-01   9.9687627e-01   4.8680579e-01
   6.5000000e-01   9.9714449e-01   4.8686592e-01
   6.6000000e-01   9.9731292e-01   4.8770116e-01
   6.7000000e-01   9.9739709e-01   4.8913030e-01
   6.8000000e-01   9.9741462e-01   4.9096608e-01
   6.9000000e-01   9.9738381e-01   4.9302775e-01
   7.0000000e-01   9.9732241e-01   4.9515108e-01
   7.1000000e-01   9.9724665e-01   4.9719575e-01
   7.2000000e-01   9.9717057e-01   4.9904991e-01
   7.3000000e-01   9.9710548e-01   5.0063229e-01
   7.4000000e-01   9.9705982e-01   5.0189207e-01
   7.5000000e-01   9.9703909e-01   5.0280683e-01
   7.6000000e-01   9.9704605e-01   5.0337915e-01
   7.7000000e-01   9.9708104e-01   5.0363225e-01
   7.8000000e-01   9.9714237e-01   5.0360505e-01
   7.9000000e-01   9.9722679e-01   5.0334713e-01
   8.0000000e-01   9.9732995e-01   5.0291390e-01
   8.1000000e-01   9.9744689e-01   5.0236216e-01
   8.2000000e-01   9.9757247e-01   5.0174639e-01
   8.3000000e-01   9.9770167e-01   5.0111581e-01
   8.4000000e-01   9.9782997e-01   5.0051219e-01
   8.5000000e-01   9.9795348e-01   4.9996856e-01
   8.6000000e-01   9.9806913e-01   4.9950868e-01
   8.7000000e-01   9.9817470e-01   4.9914708e-01
   8.8000000e-01   9.9826885e-01   4.9888978e-01
   8.9000000e-01   9.9835103e-01   4.9873536e-01
   9.0000000e-01   9.9842140e-01   4.9867624e-01
   9.1000000e-01   9.9848071e-01   4.9870028e-01
   9.2000000e-01   9.9853016e-01   4.9879222e-01
   9.3000000e-01   9.9857124e-01   4.9893520e-01
   9.4000000e-01   9.9860560e-01   4.9911205e-01
   9.5000000e-01   9.9863496e-01   4.9930640e-01
   9.6000000e-01   9.9866093e-01   4.9950355e-01
   9.7000000e-01   9.9868500e-01   4.9969111e-01
   9.8000000e-01   9.9870841e-01   4.9985938e-01
   9.9000000e-01   9.9873219e-01   5.0000144e-01
   1.0000000e+00   9.9875706e-01   5.0011318e-01
