   0.0000000e+00   0.0000000e+00   0.0000000e+00   0.0000000e+00
   5.0251256e-03   5.6967240e-03   5.7063521e-03   6.2464045e-03
   1.0050251e-02   2.1913650e-02   2.1988351e-02   2.4103905e-02
   1.5075377e-02   4.7347968e-02   4.7592004e-02   5.2237557e-02
   2.0100503e-02   8.0718374e-02   8.1277238e-02   8.9310587e-02
   2.5125628e-02   1.2077864e-01   1.2183125e-01   1.3400130e-01
   3.0150754e-02   1.6632934e-01   1.6808024e-01   1.8501817e-01
   3.5175879e-02   2.1622781e-01   2.1889948e-01   2.4111318e-01
   4.0201005e-02   2.6939636e-01   2.7322182e-01   3.0109329e-01
   4.5226131e-02   3.2482884e-01   3.3004472e-01   3.6383020e-01
   5.0251256e-02   3.8159566e-01   3.8843569e-01   4.2826833e-01
   5.5276382e-02   4.3884733e-01   4.4753652e-01   4.9343116e-01
   6.0301508e-02   4.9581663e-01   5.0656606e-01   5.5842597e-01
   6.5326633e-02   5.5181962e-01   5.6482190e-01   6.2244712e-01
   7.0351759e-02   6.0625541e-01   6.2168091e-01   6.8477785e-01
   7.5376884e-02   6.5860497e-01   6.7659880e-01   7.4479086e-01
   8.0402010e-02   7.0842913e-01   7.2910878e-01   8.0194772e-01
   8.5427136e-02   7.5536567e-01   7.7881941e-01   8.5579717e-01
   9.0452261e-02   7.9912585e-01   8.2541177e-01   9.0597253e-01
   9.5477387e-02   8.3949037e-01   8.6863612e-01   9.5218829e-01
   1.0050251e-01   8.7630487e-01   9.0830792e-01   9.9423597e-01
   1.0552764e-01   9.0947513e-01   9.4430363e-01   1.0319795e+00
   1.1055276e-01   9.3896199e-01   9.7655608e-01   1.0653499e+00
   1.1557789e-01   9.6477616e-01   1.0050497e+00   1.0943401e+00
   1.2060302e-01   9.8697287e-01   1.0298155e+00   1.1189987e+00
   1.2562814e-01   1.0056466e+00   1.0509263e+00   1.1394246e+00
   1.3065327e-01   1.0209259e+00   1.0684912e+00   1.1557606e+00
   1.3567839e-01   1.0329681e+00   1.0826515e+00   1.1681876e+00
   1.4070352e-01   1.0419546e+00   1.0935749e+00   1.1769186e+00
   1.4572864e-01   1.0480861e+00   1.1014516e+00   1.1821932e+00
   1.5075377e-01   1.0515777e+00   1.1064892e+00   1.1842719e+00
   1.5577889e-01   1.0526556e+00   1.1089091e+00   1.1834307e+00
   1.6080402e-01   1.0515522e+00   1.1089420e+00   1.1799567e+00
   1.6582915e-01   1.0485031e+00   1.1068243e+00   1.1741428e+00
   1.7085427e-01   1.0437441e+00   1.1027950e+00   1.1662837e+00
   1.7587940e-01   1.0375074e+00   1.0970922e+00   1.1566723e+00
   1.8090452e-01   1.0300201e+00   1.0899507e+00   1.1455958e+00
   1.8592965e-01   1.0215010e+00   1.0815992e+00   1.1333327e+00
   1.9095477e-01   1.0121596e+00   1.0722583e+00   1.1201503e+00
   1.9597990e-01   1.0021937e+00   1.0621388e+00   1.1063023e+00
   2.0100503e-01   9.9178865e-01   1.0514399e+00   1.0920269e+00
   2.0603015e-01   9.8111623e-01   1.0403482e+00   1.0775451e+00
   2.1105528e-01   9.7033382e-01   1.0290365e+00   1.0630599e+00
   2.1608040e-01   9.5958403e-01   1.0176633e+00   1.0487552e+00
   2.2110553e-01   9.4899441e-01   1.0063721e+00   1.0347951e+00
   2.2613065e-01   9.3867748e-01   9.9529153e-01   1.0213243e+00
   2.3115578e-01   9.2873084e-01   9.8453482e-01   1.0084675e+00
   2.3618090e-01   9.1923752e-01   9.7420032e-01   9.9633012e-01
   2.4120603e-01   9.1026644e-01   9.6437166e-01   9.8499860e-01
   2.4623116e-01   9.0187305e-01   9.5511823e-01   9.7454114e-01
   2.5125628e-01   8.9409999e-01   9.4649574e-01   9.6500861e-01
   2.5628141e-01   8.8697789e-01   9.3854694e-01   9.5643550e-01
   2.6130653e-01   8.8052627e-01   9.3130235e-01   9.4884105e-01
   2.6633166e-01   8.7475439e-01   9.2478115e-01   9.4223045e-01
   2.7135678e-01   8.6966222e-01   9.1899203e-01   9.3659608e-01
   2.7638191e-01   8.6524138e-01   9.1393413e-01   9.3191883e-01
   2.8140704e-01   8.6147615e-01   9.0959802e-01   9.2816942e-01
   2.8643216e-01   8.5834434e-01   9.0596662e-01   9.2530973e-01
   2.9145729e-01   8.5581830e-01   9.0301619e-01   9.2329410e-01
   2.9648241e-01   8.5386581e-01   9.0071725e-01   9.2207061e-01
   3.0150754e-01   8.5245090e-01   8.9903552e-01   9.2158234e-01
   3.0653266e-01   8.5153476e-01   8.9793276e-01   9.2176853e-01
   3.1155779e-01   8.5107642e-01   8.9736765e-01   9.2256572e-01
   3.1658291e-01   8.5103357e-01   8.9729659e-01   9.2390880e-01
   3.2160804e-01   8.5136314e-01   8.9767442e-01   9.2573197e-01
   3.2663317e-01   8.5202195e-01   8.9845512e-01   9.2796963e-01
   3.3165829e-01   8.5296725e-01   8.9959244e-01   9.3055720e-01
   3.3668342e-01   8.5415720e-01   9.0104049e-01   9.3343181e-01
   3.4170854e-01   8.5555128e-01   9.0275423e-01   9.3653293e-01
   3.4673367e-01   8.5711066e-01   9.0468991e-01   9.3980292e-01
   3.5175879e-01   8.5879852e-01   9.0680551e-01   9.4318747e-01
   3.5678392e-01   8.6058027e-01   9.0906100e-01   9.4663595e-01
   3.6180905e-01   8.6242376e-01   9.1141869e-01   9.5010174e-01
   3.6683417e-01   8.6429941e-01   9.1384340e-01   9.5354238e-01
   3.7185930e-01   8.6618034e-01   9.1630263e-01   9.5691974e-01
   3.7688442e-01   8.6804238e-01   9.1876670e-01   9.6020010e-01
   3.8190955e-01   8.6986413e-01   9.2120884e-01   9.6335412e-01
   3.8693467e-01   8.7162690e-01   9.2360515e-01   9.6635681e-01
   3.9195980e-01   8.7331469e-01   9.2593470e-01   9.6918745e-01
   3.9698492e-01   8.7491409e-01   9.2817938e-01   9.7182940e-01
   4.0201005e-01   8.7641417e-01   9.3032391e-01   9.7426999e-01
   4.0703518e-01   8.7780639e-01   9.3235574e-01   9.7650023e-01
   4.1206030e-01   8.7908443e-01   9.3426486e-01   9.7851463e-01
   4.1708543e-01   8.8024405e-01   9.3604375e-01   9.8031090e-01
   4.2211055e-01   8.8128292e-01   9.3768716e-01   9.8188969e-01
   4.2713568e-01   8.8220046e-01   9.3919200e-01   9.8325433e-01
   4.3216080e-01   8.8299765e-01   9.4055711e-01   9.8441049e-01
   4.3718593e-01   8.8367687e-01   9.4178313e-01   9.8536589e-01
   4.4221106e-01   8.8424173e-01   9.4287226e-01   9.8613007e-01
   4.4723618e-01   8.8469689e-01   9.4382815e-01   9.8671400e-01
   4.5226131e-01   8.8504787e-01   9.4465563e-01   9.8712992e-01
   4.5728643e-01   8.8530095e-01   9.4536061e-01   9.8739094e-01
   4.6231156e-01   8.8546295e-01   9.4594986e-01   9.8751092e-01
   4.6733668e-01   8.8554114e-01   9.4643084e-01   9.8750413e-01
   4.7236181e-01   8.8554306e-01   9.4681157e-01   9.8738507e-01
   4.7738693e-01   8.8547644e-01   9.4710047e-01   9.8716826e-01
   4.8241206e-01   8.8534905e-01   9.4730619e-01   9.8686808e-01
   4.8743719e-01   8.8516863e-01   9.4743754e-01   9.8649855e-01
   4.9246231e-01   8.8494277e-01   9.4750330e-01   9.8607324e-01
   4.9748744e-01   8.8467885e-01   9.4751218e-01   9.8560512e-01
   5.0251256e-01   8.8438395e-01   9.4747270e-01   9.8510643e-01
   5.0753769e-01   8.8406483e-01   9.4739308e-01   9.8458865e-01
   5.1256281e-01   8.8372782e-01   9.4728122e-01   9.8406239e-01
   5.1758794e-01   8.8337887e-01   9.4714460e-01   9.8353733e-01
   5.2261307e-01   8.8302342e-01   9.4699025e-01   9.8302222e-01
   5.2763819e-01   8.8266646e-01   9.4682470e-01   9.8252483e-01
   5.3266332e-01   8.8231248e-01   9.4665398e-01   9.8205197e-01
   5.3768844e-01   8.8196548e-01   9.4648354e-01   9.8160947e-01
   5.4271357e-01   8.8162895e-01   9.4631831e-01   9.8120221e-01
   5.4773869e-01   8.8130591e-01   9.4616263e-01   9.8083415e-01
   5.5276382e-01   8.8099888e-01   9.4602032e-01   9.8050838e-01
   5.5778894e-01   8.8070996e-01   9.4589461e-01   9.8022713e-01
   5.6281407e-01   8.8044078e-01   9.4578824e-01   9.7999185e-01
   5.6783920e-01   8.8019258e-01   9.4570343e-01   9.7980327e-01
   5.7286432e-01   8.7996620e-01   9.4564189e-01   9.7966143e-01
   5.7788945e-01   8.7976215e-01   9.4560490e-01   9.7956578e-01
   5.8291457e-01   8.7958059e-01   9.4559330e-01   9.7951520e-01
   5.8793970e-01   8.7942139e-01   9.4560753e-01   9.7950813e-01
   5.9296482e-01   8.7928418e-01   9.4564766e-01   9.7954256e-01
   5.9798995e-01   8.7916834e-01   9.4571346e-01   9.7961614e-01
   6.0301508e-01   8.7907305e-01   9.4580438e-01   9.7972626e-01
   6.0804020e-01   8.7899734e-01   9.4591964e-01   9.7987004e-01
   6.1306533e-01   8.7894008e-01   9.4605819e-01   9.8004447e-01
   6.1809045e-01   8.7890004e-01   9.4621886e-01   9.8024639e-01
   6.2311558e-01   8.7887592e-01   9.4640026e-01   9.8047261e-01
   6.2814070e-01   8.7886633e-01   9.4660092e-01   9.8071989e-01
   6.3316583e-01   8.7886987e-01   9.4681925e-01   9.8098504e-01
   6.3819095e-01   8.7888511e-01   9.4705362e-01   9.8126491e-01
   6.4321608e-01   8.7891062e-01   9.4730235e-01   9.8155646e-01
   6.4824121e-01   8.7894502e-01   9.4756372e-01   9.8185677e-01
   6.5326633e-01   8.7898693e-01   9.4783605e-01   9.8216307e-01
   6.5829146e-01   8.7903504e-01   9.4811768e-01   9.8247276e-01
   6.6331658e-01   8.7908810e-01   9.4840697e-01   9.8278343e-01
   6.6834171e-01   8.7914492e-01   9.4870237e-01   9.8309287e-01
   6.7336683e-01   8.7920439e-01   9.4900238e-01   9.8339907e-01
   6.7839196e-01   8.7926548e-01   9.4930558e-01   9.8370024e-01
   6.8341709e-01   8.7932727e-01   9.4961066e-01   9.8399481e-01
   6.8844221e-01   8.7938889e-01   9.4991639e-01   9.8428142e-01
   6.9346734e-01   8.7944959e-01   9.5022165e-01   9.8455893e-01
   6.9849246e-01   8.7950871e-01   9.5052543e-01   9.8482640e-01
   7.0351759e-01   8.7956565e-01   9.5082680e-01   9.8508309e-01
   7.0854271e-01   8.7961993e-01   9.5112498e-01   9.8532845e-01
   7.1356784e-01   8.7967115e-01   9.5141927e-01   9.8556212e-01
   7.1859296e-01   8.7971897e-01   9.5170908e-01   9.8578388e-01
   7.2361809e-01   8.7976315e-01   9.5199391e-01   9.8599370e-01
   7.2864322e-01   8.7980350e-01   9.5227337e-01   9.8619167e-01
   7.3366834e-01   8.7983991e-01   9.5254717e-01   9.8637799e-01
   7.3869347e-01   8.7987234e-01   9.5281508e-01   9.8655299e-01
   7.4371859e-01   8.7990078e-01   9.5307698e-01   9.8671711e-01
   7.4874372e-01   8.7992528e-01   9.5333281e-01   9.8687085e-01
   7.5376884e-01   8.7994594e-01   9.5358256e-01   9.8701478e-01
   7.5879397e-01   8.7996291e-01   9.5382631e-01   9.8714952e-01
   7.6381910e-01   8.7997633e-01   9.5406419e-01   9.8727576e-01
   7.6884422e-01   8.7998641e-01   9.5429635e-01   9.8739420e-01
   7.7386935e-01   8.7999335e-01   9.5452302e-01   9.8750554e-01
   7.7889447e-01   8.7999740e-01   9.5474443e-01   9.8761053e-01
   7.8391960e-01   8.7999879e-01   9.5496086e-01   9.8770987e-01
   7.8894472e-01   8.7999778e-01   9.5517260e-01   9.8780429e-01
   7.9396985e-01   8.7999462e-01   9.5537996e-01   9.8789448e-01
   7.9899497e-01   8.7998958e-01   9.5558326e-01   9.8798110e-01
   8.0402010e-01   8.7998289e-01   9.5578283e-01   9.8806480e-01
   8.0904523e-01   8.7997481e-01   9.5597900e-01   9.8814617e-01
   8.1407035e-01   8.7996558e-01   9.5617208e-01   9.8822578e-01
   8.1909548e-01   8.7995542e-01   9.5636242e-01   9.8830414e-01
   8.2412060e-01   8.7994457e-01   9.5655030e-01   9.8838172e-01
   8.2914573e-01   8.7993321e-01   9.5673604e-01   9.8845895e-01
   8.3417085e-01   8.7992153e-01   9.5691992e-01   9.8853619e-01
   8.3919598e-01   8.7990972e-01   9.5710221e-01   9.8861379e-01
   8.4422111e-01   8.7989792e-01   9.5728315e-01   9.8869202e-01
   8.4924623e-01   8.7988628e-01   9.5746297e-01   9.8877111e-01
   8.5427136e-01   8.7987493e-01   9.5764190e-01   9.8885125e-01
   8.5929648e-01   8.7986397e-01   9.5782012e-01   9.8893259e-01
   8.6432161e-01   8.7985349e-01   9.5799780e-01   9.8901524e-01
   8.6934673e-01   8.7984357e-01   9.5817510e-01   9.8909925e-01
   8.7437186e-01   8.7983427e-01   9.5835214e-01   9.8918467e-01
   8.7939698e-01   8.7982565e-01   9.5852902e-01   9.8927150e-01
   8.8442211e-01   8.7981774e-01   9.5870586e-01   9.8935969e-01
   8.8944724e-01   8.7981055e-01   9.5888271e-01   9.8944922e-01
   8.9447236e-01   8.7980411e-01   9.5905963e-01   9.8953998e-01
   8.9949749e-01   8.7979840e-01   9.5923667e-01   9.8963189e-01
   9.0452261e-01   8.7979344e-01   9.5941384e-01   9.8972484e-01
   9.0954774e-01   8.7978919e-01   9.5959115e-01   9.8981870e-01
   9.1457286e-01   8.7978563e-01   9.5976862e-01   9.8991333e-01
   9.1959799e-01   8.7978275e-01   9.5994621e-01   9.9000859e-01
   9.2462312e-01   8.7978049e-01   9.6012392e-01   9.9010434e-01
   9.2964824e-01   8.7977883e-01   9.6030170e-01   9.9020042e-01
   9.3467337e-01   8.7977772e-01   9.6047953e-01   9.9029668e-01
   9.3969849e-01   8.7977711e-01   9.6065735e-01   9.9039297e-01
   9.4472362e-01   8.7977697e-01   9.6083511e-01   9.9048914e-01
   9.4974874e-01   8.7977724e-01   9.6101276e-01   9.9058506e-01
   9.5477387e-01   8.7977787e-01   9.6119025e-01   9.9068060e-01
   9.5979899e-01   8.7977883e-01   9.6136752e-01   9.9077562e-01
   9.6482412e-01   8.7978006e-01   9.6154450e-01   9.9087000e-01
   9.6984925e-01   8.7978152e-01   9.6172114e-01   9.9096365e-01
   9.7487437e-01   8.7978317e-01   9.6189739e-01   9.9105646e-01
   9.7989950e-01   8.7978496e-01   9.6207317e-01   9.9114834e-01
   9.8492462e-01   8.7978687e-01   9.6224845e-01   9.9123922e-01
   9.8994975e-01   8.7978885e-01   9.6242316e-01   9.9132903e-01
   9.9497487e-01   8.7979086e-01   9.6259726e-01   9.9141771e-01
   1.0000000e+00   8.7979289e-01   9.6277069e-01   9.9150521e-01
