  -1.0000000e+00   0.0000000e+00  -3.0000000e+00   0.0000000e+00   0.0000000e+00
  -1.1111806e+00   0.0000000e+00  -2.8888194e+00   0.0000000e+00   2.1000000e-01
  -1.1265800e+00   0.0000000e+00  -2.8734200e+00   0.0000000e+00   2.3713749e-01
  -1.1443025e+00   0.0000000e+00  -2.8556975e+00   0.0000000e+00   2.6778186e-01
  -1.1647673e+00   0.0000000e+00  -2.8352327e+00   0.0000000e+00   3.0238629e-01
  -1.1884968e+00   0.0000000e+00  -2.8115032e+00   0.0000000e+00   3.4146251e-01
  -1.2161559e+00   0.0000000e+00  -2.7838441e+00   0.0000000e+00   3.8558840e-01
  -1.2486123e+00   0.0000000e+00  -2.7513877e+00   0.0000000e+00   4.3541651e-01
  -1.2870370e+00   0.0000000e+00  -2.7129630e+00   0.0000000e+00   4.9168372e-01
  -1.3330833e+00   0.0000000e+00  -2.6669167e+00   0.0000000e+00   5.5522212e-01
  -1.3892393e+00   0.0000000e+00  -2.6107607e+00   0.0000000e+00   6.2697135e-01
  -1.4596228e+00   0.0000000e+00  -2.5403772e+00   0.0000000e+00   7.0799245e-01
  -1.5522094e+00   0.0000000e+00  -2.4477906e+00   0.0000000e+00   7.9948360e-01
  -1.6882273e+00   0.0000000e+00  -2.3117727e+00   0.0000000e+00   9.0279780e-01
  -1.9683772e+00   0.0000000e+00  -2.0316228e+00   0.0000000e+00   9.9900000e-01
  -2.0000000e+00   0.0000000e+00  -2.0000000e+00   0.0000000e+00   1.0000000e+00
  -2.0000000e+00   3.1622777e-02  -2.0000000e+00  -3.1622777e-02   1.0010000e+00
  -2.0000000e+00   1.3950950e-01  -2.0000000e+00  -1.3950950e-01   1.0194629e+00
  -2.0000000e+00   3.8884982e-01  -2.0000000e+00  -3.8884982e-01   1.1512042e+00
  -2.0000000e+00   5.4769507e-01  -2.0000000e+00  -5.4769507e-01   1.2999699e+00
  -2.0000000e+00   6.8407603e-01  -2.0000000e+00  -6.8407603e-01   1.4679600e+00
  -2.0000000e+00   8.1096169e-01  -2.0000000e+00  -8.1096169e-01   1.6576589e+00
  -2.0000000e+00   9.3374073e-01  -2.0000000e+00  -9.3374073e-01   1.8718718e+00
  -2.0000000e+00   1.0553514e+00  -2.0000000e+00  -1.0553514e+00   2.1137666e+00
  -2.0000000e+00   1.1776759e+00  -2.0000000e+00  -1.1776759e+00   2.3869205e+00
  -2.0000000e+00   1.3020649e+00  -2.0000000e+00  -1.3020649e+00   2.6953731e+00
  -2.0000000e+00   1.4295754e+00  -2.0000000e+00  -1.4295754e+00   3.0436858e+00
  -2.0000000e+00   1.5610925e+00  -2.0000000e+00  -1.5610925e+00   3.4370097e+00
  -2.0000000e+00   1.6973984e+00  -2.0000000e+00  -1.6973984e+00   3.8811613e+00
  -2.0000000e+00   1.8392142e+00  -2.0000000e+00  -1.8392142e+00   4.3827089e+00
  -2.0000000e+00   1.9872266e+00  -2.0000000e+00  -1.9872266e+00   4.9490695e+00
  -2.0000000e+00   2.1421062e+00  -2.0000000e+00  -2.1421062e+00   5.5886188e+00
  -2.0000000e+00   2.3045205e+00  -2.0000000e+00  -2.3045205e+00   6.3108146e+00
  -2.0000000e+00   2.4751438e+00  -2.0000000e+00  -2.4751438e+00   7.1263370e+00
  -2.0000000e+00   2.6546650e+00  -2.0000000e+00  -2.6546650e+00   8.0472462e+00
  -2.0000000e+00   2.8437934e+00  -2.0000000e+00  -2.8437934e+00   9.0871610e+00
  -2.0000000e+00   3.0432647e+00  -2.0000000e+00  -3.0432647e+00   1.0261460e+01
  -2.0000000e+00   3.2538453e+00  -2.0000000e+00  -3.2538453e+00   1.1587509e+01
  -2.0000000e+00   3.4763369e+00  -2.0000000e+00  -3.4763369e+00   1.3084918e+01
  -2.0000000e+00   3.7115808e+00  -2.0000000e+00  -3.7115808e+00   1.4775832e+01
  -2.0000000e+00   3.9604617e+00  -2.0000000e+00  -3.9604617e+00   1.6685257e+01
  -2.0000000e+00   4.2239115e+00  -2.0000000e+00  -4.2239115e+00   1.8841428e+01
  -2.0000000e+00   4.5029139e+00  -2.0000000e+00  -4.5029139e+00   2.1276234e+01
  -2.0000000e+00   4.7985081e+00  -2.0000000e+00  -4.7985081e+00   2.4025680e+01
  -2.0000000e+00   5.1117929e+00  -2.0000000e+00  -5.1117929e+00   2.7130426e+01
  -2.0000000e+00   5.4439313e+00  -2.0000000e+00  -5.4439313e+00   3.0636387e+01
  -2.0000000e+00   5.7961548e+00  -2.0000000e+00  -5.7961548e+00   3.4595410e+01
  -2.0000000e+00   6.1697684e+00  -2.0000000e+00  -6.1697684e+00   3.9066043e+01
  -2.0000000e+00   6.5661555e+00  -2.0000000e+00  -6.5661555e+00   4.4114398e+01
  -2.0000000e+00   6.9867827e+00  -2.0000000e+00  -6.9867827e+00   4.9815132e+01
  -2.0000000e+00   7.4332059e+00  -2.0000000e+00  -7.4332059e+00   5.6252551e+01
  -2.0000000e+00   7.9070761e+00  -2.0000000e+00  -7.9070761e+00   6.3521852e+01
  -2.0000000e+00   8.4101449e+00  -2.0000000e+00  -8.4101449e+00   7.1730538e+01
  -2.0000000e+00   8.9442719e+00  -2.0000000e+00  -8.9442719e+00   8.1000000e+01
  -2.0000000e+00   1.8330030e+02  -2.0000000e+00  -1.8330030e+02   3.3600000e+04
             Inf   0.0000000e+00             Inf   0.0000000e+00             Inf
