  -3.0000000e+00   4.0000000e+00  -3.0000000e+00  -4.0000000e+00   0.0000000e+00
  -3.0865575e+00   4.4906178e+00  -3.0865575e+00  -4.4906178e+00   9.4340621e-03
  -3.0998956e+00   4.5613838e+00  -3.0998956e+00  -4.5613838e+00   1.0887807e-02
  -3.1152891e+00   4.6416661e+00  -3.1152891e+00  -4.6416661e+00   1.2565567e-02
  -3.1330546e+00   4.7325647e+00  -3.1330546e+00  -4.7325647e+00   1.4501862e-02
  -3.1535577e+00   4.8352657e+00  -3.1535577e+00  -4.8352657e+00   1.6736531e-02
  -3.1772202e+00   4.9510395e+00  -3.1772202e+00  -4.9510395e+00   1.9315553e-02
  -3.2045290e+00   5.0812389e+00  -3.2045290e+00  -5.0812389e+00   2.2291989e-02
  -3.2360460e+00   5.2272947e+00  -3.2360460e+00  -5.2272947e+00   2.5727080e-02
  -3.2724195e+00   5.3907114e+00  -3.2724195e+00  -5.3907114e+00   2.9691503e-02
  -3.3143981e+00   5.5730621e+00  -3.3143981e+00  -5.5730621e+00   3.4266825e-02
  -3.3628454e+00   5.7759819e+00  -3.3628454e+00  -5.7759819e+00   3.9547182e-02
  -3.4187582e+00   6.0011625e+00  -3.4187582e+00  -6.0011625e+00   4.5641218e-02
  -3.4832869e+00   6.2503457e+00  -3.4832869e+00  -6.2503457e+00   5.2674316e-02
  -3.5577591e+00   6.5253179e+00  -3.5577591e+00  -6.5253179e+00   6.0791182e-02
  -3.6437072e+00   6.8279036e+00  -3.6437072e+00  -6.8279036e+00   7.0158819e-02
  -3.7428994e+00   7.1599593e+00  -3.7428994e+00  -7.1599593e+00   8.0969965e-02
  -3.8573768e+00   7.5233663e+00  -3.8573768e+00  -7.5233663e+00   9.3447058e-02
  -3.9894945e+00   7.9200216e+00  -3.9894945e+00  -7.9200216e+00   1.0784681e-01
  -4.1419710e+00   8.3518256e+00  -4.1419710e+00  -8.3518256e+00   1.2446550e-01
  -4.3179434e+00   8.8206663e+00  -4.3179434e+00  -8.8206663e+00   1.4364505e-01
  -4.5210323e+00   9.3283964e+00  -4.5210323e+00  -9.3283964e+00   1.6578009e-01
  -4.7554162e+00   9.8768027e+00  -4.7554162e+00  -9.8768027e+00   1.9132602e-01
  -5.0259177e+00   1.0467563e+01  -5.0259177e+00  -1.0467563e+01   2.2080847e-01
  -5.3381021e+00   1.1102191e+01  -5.3381021e+00  -1.1102191e+01   2.5483402e-01
  -5.6983927e+00   1.1781956e+01  -5.6983927e+00  -1.1781956e+01   2.9410275e-01
  -6.1142024e+00   1.2507786e+01  -6.1142024e+00  -1.2507786e+01   3.3942261e-01
  -6.5940865e+00   1.3280130e+01  -6.5940865e+00  -1.3280130e+01   3.9172604e-01
  -7.1479184e+00   1.4098780e+01  -7.1479184e+00  -1.4098780e+01   4.5208920e-01
  -7.7870932e+00   1.4962643e+01  -7.7870932e+00  -1.4962643e+01   5.2175403e-01
  -8.5247619e+00   1.5869426e+01  -8.5247619e+00  -1.5869426e+01   6.0215388e-01
  -9.3761018e+00   1.6815234e+01  -9.3761018e+00  -1.6815234e+01   6.9494298e-01
  -1.0358629e+01   1.7794024e+01  -1.0358629e+01  -1.7794024e+01   8.0203044e-01
  -1.1492560e+01   1.8796877e+01  -1.1492560e+01  -1.8796877e+01   9.2561958e-01
  -1.2801223e+01   1.9811004e+01  -1.2801223e+01  -1.9811004e+01   1.0682532e+00
  -1.4311546e+01   2.0818381e+01  -1.4311546e+01  -2.0818381e+01   1.2328661e+00
  -1.6054602e+01   2.1793812e+01  -1.6054602e+01  -2.1793812e+01   1.4228450e+00
  -1.8066256e+01   2.2702143e+01  -1.8066256e+01  -2.2702143e+01   1.6420987e+00
  -2.0387895e+01   2.3494087e+01  -2.0387895e+01  -2.3494087e+01   1.8951384e+00
  -2.3067289e+01   2.4099684e+01  -2.3067289e+01  -2.4099684e+01   2.1871704e+00
  -2.6159564e+01   2.4417438e+01  -2.6159564e+01  -2.4417438e+01   2.5242032e+00
  -2.9728344e+01   2.4294681e+01  -2.9728344e+01  -2.4294681e+01   2.9131711e+00
  -3.3847057e+01   2.3487608e+01  -3.3847057e+01  -2.3487608e+01   3.3620771e+00
  -3.6223751e+01   2.2671061e+01  -3.6223751e+01  -2.2671061e+01   3.6211173e+00
  -3.8600445e+01   2.1563602e+01  -3.8600445e+01  -2.1563602e+01   3.8801575e+00
  -4.1343376e+01   1.9859739e+01  -4.1343376e+01  -1.9859739e+01   4.1791145e+00
  -4.4086307e+01   1.7572200e+01  -4.4086307e+01  -1.7572200e+01   4.4780716e+00
  -4.5669109e+01   1.5891021e+01  -4.5669109e+01  -1.5891021e+01   4.6505840e+00
  -4.7251911e+01   1.3829547e+01  -4.7251911e+01  -1.3829547e+01   4.8230965e+00
  -4.8834712e+01   1.1179341e+01  -4.8834712e+01  -1.1179341e+01   4.9956090e+00
  -5.0417514e+01   7.3272402e+00  -5.0417514e+01  -7.3272402e+00   5.1681215e+00
  -5.0955460e+01   5.3215216e+00  -5.0955460e+01  -5.3215216e+00   5.2267531e+00
  -5.1493406e+01   1.5394689e+00  -5.1493406e+01  -1.5394689e+00   5.2853848e+00
  -5.1541946e+01   0.0000000e+00  -5.1541949e+01   0.0000000e+00   5.2906755e+00
  -5.0049491e+01   0.0000000e+00  -5.3131488e+01   0.0000000e+00   5.2959662e+00
  -3.9275358e+01   0.0000000e+00  -7.6173305e+01   0.0000000e+00   5.9645048e+00
  -3.5696176e+01   0.0000000e+00  -9.6618015e+01   0.0000000e+00   6.8836071e+00
  -3.3667425e+01   0.0000000e+00  -1.1811119e+02   0.0000000e+00   7.9443388e+00
  -3.2306085e+01   0.0000000e+00  -1.4193634e+02   0.0000000e+00   9.1685242e+00
  -3.1318778e+01   0.0000000e+00  -1.6884901e+02   0.0000000e+00   1.0581351e+01
  -2.7285555e+01   0.0000000e+00  -3.3556947e+03   0.0000000e+00   1.8403162e+02
  -2.7106168e+01   0.0000000e+00             Inf   0.0000000e+00             Inf
