  -3.0000000e+00   4.0000000e+00  -3.0000000e+00  -4.0000000e+00  -5.7572859e-18   0.0000000e+00   0.0000000e+00
  -2.9752137e+00   4.1098768e+00  -2.9752137e+00  -4.1098768e+00  -9.4397858e-02   0.0000000e+00   5.0852197e-03
  -2.9708823e+00   4.1304581e+00  -2.9708823e+00  -4.1304581e+00  -1.1145696e-01   0.0000000e+00   6.0377440e-03
  -2.9658666e+00   4.1548890e+00  -2.9658666e+00  -4.1548890e+00  -1.3145753e-01   0.0000000e+00   7.1686879e-03
  -2.9600896e+00   4.1838848e+00  -2.9600896e+00  -4.1838848e+00  -1.5484782e-01   0.0000000e+00   8.5114715e-03
  -2.9534806e+00   4.2182903e+00  -2.9534806e+00  -4.2182903e+00  -1.8211940e-01   0.0000000e+00   1.0105775e-02
  -2.9459833e+00   4.2591004e+00  -2.9459833e+00  -4.2591004e+00  -2.1379981e-01   0.0000000e+00   1.1998711e-02
  -2.9375694e+00   4.3074830e+00  -2.9375694e+00  -4.3074830e+00  -2.5043899e-01   0.0000000e+00   1.4246218e-02
  -2.9282566e+00   4.3648030e+00  -2.9282566e+00  -4.3648030e+00  -2.9258688e-01   0.0000000e+00   1.6914710e-02
  -2.9181341e+00   4.4326450e+00  -2.9181341e+00  -4.4326450e+00  -3.4076019e-01   0.0000000e+00   2.0083044e-02
  -2.9073958e+00   4.5128335e+00  -2.9073958e+00  -4.5128335e+00  -3.9539638e-01   0.0000000e+00   2.3844845e-02
  -2.8963820e+00   4.6074466e+00  -2.8963820e+00  -4.6074466e+00  -4.5679468e-01   0.0000000e+00   2.8311279e-02
  -2.8856286e+00   4.7188180e+00  -2.8856286e+00  -4.7188180e+00  -5.2504696e-01   0.0000000e+00   3.3614330e-02
  -2.8759198e+00   4.8495245e+00  -2.8759198e+00  -4.8495245e+00  -5.9996592e-01   0.0000000e+00   3.9910708e-02
  -2.8683398e+00   5.0023542e+00  -2.8683398e+00  -5.0023542e+00  -6.8102342e-01   0.0000000e+00   4.7386476e-02
  -2.8643137e+00   5.1802571e+00  -2.8643137e+00  -5.1802571e+00  -7.6731657e-01   0.0000000e+00   5.6262547e-02
  -2.8656307e+00   5.3862824e+00  -2.8656307e+00  -5.3862824e+00  -8.5757887e-01   0.0000000e+00   6.6801215e-02
  -2.8744453e+00   5.6235140e+00  -2.8744453e+00  -5.6235140e+00  -9.5024677e-01   0.0000000e+00   7.9313907e-02
  -2.8932583e+00   5.8950186e+00  -2.8932583e+00  -5.8950186e+00  -1.0435778e+00   0.0000000e+00   9.4170379e-02
  -2.9248906e+00   6.2038157e+00  -2.9248906e+00  -6.2038157e+00  -1.1358002e+00   0.0000000e+00   1.1180965e-01
  -2.9724649e+00   6.5528757e+00  -2.9724649e+00  -6.5528757e+00  -1.2252631e+00   0.0000000e+00   1.3275298e-01
  -3.0394125e+00   6.9451399e+00  -3.0394125e+00  -6.9451399e+00  -1.3105594e+00   0.0000000e+00   1.5761925e-01
  -3.1295164e+00   7.3835504e+00  -3.1295164e+00  -7.3835504e+00  -1.3906005e+00   0.0000000e+00   1.8714327e-01
  -3.2469941e+00   7.8710784e+00  -3.2469941e+00  -7.8710784e+00  -1.4646417e+00   0.0000000e+00   2.2219752e-01
  -3.3966193e+00   8.4107358e+00  -3.3966193e+00  -8.4107358e+00  -1.5322669e+00   0.0000000e+00   2.6381785e-01
  -3.5838784e+00   9.0055643e+00  -3.5838784e+00  -9.0055643e+00  -1.5933445e+00   0.0000000e+00   3.1323418e-01
  -3.8151588e+00   9.6585952e+00  -3.8151588e+00  -9.6585952e+00  -1.6479721e+00   0.0000000e+00   3.7190681e-01
  -4.0979681e+00   1.0372773e+01  -4.0979681e+00  -1.0372773e+01  -1.6964175e+00   0.0000000e+00   4.4156954e-01
  -4.4411873e+00   1.1150840e+01  -4.4411873e+00  -1.1150840e+01  -1.7390649e+00   0.0000000e+00   5.2428096e-01
  -4.8553610e+00   1.1995160e+01  -4.8553610e+00  -1.1995160e+01  -1.7763701e+00   0.0000000e+00   6.2248524e-01
  -5.3530344e+00   1.2907485e+01  -5.3530344e+00  -1.2907485e+01  -1.8088234e+00   0.0000000e+00   7.3908440e-01
  -5.9491447e+00   1.3888622e+01  -5.9491447e+00  -1.3888622e+01  -1.8369223e+00   0.0000000e+00   8.7752402e-01
  -6.6614800e+00   1.4937970e+01  -6.6614800e+00  -1.4937970e+01  -1.8611521e+00   0.0000000e+00   1.0418951e+00
  -7.5112185e+00   1.6052893e+01  -7.5112185e+00  -1.6052893e+01  -1.8819727e+00   0.0000000e+00   1.2370549e+00
  -8.5235650e+00   1.7227836e+01  -8.5235650e+00  -1.7227836e+01  -1.8998100e+00   0.0000000e+00   1.4687705e+00
  -9.7285045e+00   1.8453098e+01  -9.7285045e+00  -1.8453098e+01  -1.9150524e+00   0.0000000e+00   1.7438893e+00
  -1.1161695e+01   1.9713077e+01  -1.1161695e+01  -1.9713077e+01  -1.9280487e+00   0.0000000e+00   2.0705413e+00
  -1.2865524e+01   2.0983761e+01  -1.2865524e+01  -2.0983761e+01  -1.9391093e+00   0.0000000e+00   2.4583792e+00
  -1.4890369e+01   2.2229005e+01  -1.4890369e+01  -2.2229005e+01  -1.9485075e+00   0.0000000e+00   2.9188639e+00
  -1.7296084e+01   2.3394885e+01  -1.7296084e+01  -2.3394885e+01  -1.9564823e+00   0.0000000e+00   3.4656031e+00
  -2.0153773e+01   2.4400730e+01  -2.0153773e+01  -2.4400730e+01  -1.9632415e+00   0.0000000e+00   4.1147533e+00
  -2.3547895e+01   2.5124026e+01  -2.3547895e+01  -2.5124026e+01  -1.9689647e+00   0.0000000e+00   4.8854973e+00
  -2.7578753e+01   2.5372794e+01  -2.7578753e+01  -2.5372794e+01  -1.9738069e+00   0.0000000e+00   5.8006111e+00
  -2.9972024e+01   2.5215983e+01  -2.9972024e+01  -2.5215983e+01  -1.9760273e+00   0.0000000e+00   6.3438741e+00
  -3.2365469e+01   2.4828345e+01  -3.2365469e+01  -2.4828345e+01  -1.9779007e+00   0.0000000e+00   6.8871371e+00
  -3.8049496e+01   2.2900637e+01  -3.8049496e+01  -2.2900637e+01  -1.9813597e+00   0.0000000e+00   8.1771828e+00
  -3.9736775e+01   2.2015554e+01  -3.9736775e+01  -2.2015554e+01  -1.9821873e+00   0.0000000e+00   8.5601046e+00
  -4.1424088e+01   2.0957896e+01  -4.1424088e+01  -2.0957896e+01  -1.9829445e+00   0.0000000e+00   8.9430263e+00
  -4.4798805e+01   1.8200031e+01  -4.4798805e+01  -1.8200031e+01  -1.9842809e+00   0.0000000e+00   9.7088699e+00
  -4.6708911e+01   1.6125140e+01  -4.6708911e+01  -1.6125140e+01  -1.9849485e+00   0.0000000e+00   1.0142331e+01
  -4.8619044e+01   1.3472177e+01  -4.8619044e+01  -1.3472177e+01  -1.9855616e+00   0.0000000e+00   1.0575792e+01
  -5.0529201e+01   9.7815845e+00  -5.0529201e+01  -9.7815845e+00  -1.9861268e+00   0.0000000e+00   1.1009253e+01
  -5.1484288e+01   7.0733288e+00  -5.1484288e+01  -7.0733288e+00  -1.9863931e+00   0.0000000e+00   1.1225984e+01
  -5.2439379e+01   1.5998980e+00  -5.2439379e+01  -1.5998980e+00  -1.9866493e+00   0.0000000e+00   1.1442714e+01
  -5.2489855e+01   0.0000000e+00  -5.2489857e+01   0.0000000e+00  -1.9866626e+00   0.0000000e+00   1.1454169e+01
  -5.0938842e+01   0.0000000e+00  -5.4141823e+01   0.0000000e+00  -1.9866759e+00   0.0000000e+00   1.1465623e+01
  -4.8750901e+01   0.0000000e+00  -5.6874785e+01   0.0000000e+00  -1.9867469e+00   0.0000000e+00   1.1527461e+01
  -3.7910800e+01   0.0000000e+00  -8.6746067e+01   0.0000000e+00  -1.9888279e+00   0.0000000e+00   1.3686696e+01
  -3.4643002e+01   0.0000000e+00  -1.1261053e+02   0.0000000e+00  -1.9905834e+00   0.0000000e+00   1.6250383e+01
  -3.2748072e+01   0.0000000e+00  -1.4133537e+02   0.0000000e+00  -1.9920640e+00   0.0000000e+00   1.9294280e+01
  -3.1480026e+01   0.0000000e+00  -1.7445941e+02   0.0000000e+00  -1.9933125e+00   0.0000000e+00   2.2908337e+01
  -2.7293636e+01   0.0000000e+00  -3.4658949e+03   0.0000000e+00  -1.9996119e+00   0.0000000e+00   3.9583227e+02
  -2.7106168e+01   0.0000000e+00             Inf   0.0000000e+00  -2.0000000e+00   0.0000000e+00             Inf
