  -3.0000000e+00   4.0000000e+00  -3.0000000e+00  -4.0000000e+00   0.0000000e+00
  -3.0000000e+00   4.4999639e+00  -3.0000000e+00  -4.4999639e+00   1.6998701e-01
  -3.0000000e+00   4.5396309e+00  -3.0000000e+00  -4.5396309e+00   1.8432994e-01
  -3.0000000e+00   4.5822567e+00  -3.0000000e+00  -4.5822567e+00   1.9988307e-01
  -3.0000000e+00   4.6280356e+00  -3.0000000e+00  -4.6280356e+00   2.1674853e-01
  -3.0000000e+00   4.6771707e+00  -3.0000000e+00  -4.6771707e+00   2.3503703e-01
  -3.0000000e+00   4.7298749e+00  -3.0000000e+00  -4.7298749e+00   2.5486866e-01
  -3.0000000e+00   4.7863703e+00  -3.0000000e+00  -4.7863703e+00   2.7637361e-01
  -3.0000000e+00   4.8468884e+00  -3.0000000e+00  -4.8468884e+00   2.9969308e-01
  -3.0000000e+00   4.9116702e+00  -3.0000000e+00  -4.9116702e+00   3.2498016e-01
  -3.0000000e+00   4.9809660e+00  -3.0000000e+00  -4.9809660e+00   3.5240088e-01
  -3.0000000e+00   5.0550353e+00  -3.0000000e+00  -5.0550353e+00   3.8213527e-01
  -3.0000000e+00   5.1341468e+00  -3.0000000e+00  -5.1341468e+00   4.1437855e-01
  -3.0000000e+00   5.2185783e+00  -3.0000000e+00  -5.2185783e+00   4.4934240e-01
  -3.0000000e+00   5.3086165e+00  -3.0000000e+00  -5.3086165e+00   4.8725638e-01
  -3.0000000e+00   5.4045569e+00  -3.0000000e+00  -5.4045569e+00   5.2836942e-01
  -3.0000000e+00   5.5067037e+00  -3.0000000e+00  -5.5067037e+00   5.7295144e-01
  -3.0000000e+00   5.6153698e+00  -3.0000000e+00  -5.6153698e+00   6.2129513e-01
  -3.0000000e+00   5.7308767e+00  -3.0000000e+00  -5.7308767e+00   6.7371791e-01
  -3.0000000e+00   5.8535543e+00  -3.0000000e+00  -5.8535543e+00   7.3056393e-01
  -3.0000000e+00   5.9837414e+00  -3.0000000e+00  -5.9837414e+00   7.9220644e-01
  -3.0000000e+00   6.1217851e+00  -3.0000000e+00  -6.1217851e+00   8.5905012e-01
  -3.0000000e+00   6.2680417e+00  -3.0000000e+00  -6.2680417e+00   9.3153385e-01
  -3.0000000e+00   6.4228761e+00  -3.0000000e+00  -6.4228761e+00   1.0101335e+00
  -3.0000000e+00   6.5866629e+00  -3.0000000e+00  -6.5866629e+00   1.0953651e+00
  -3.0000000e+00   6.7597861e+00  -3.0000000e+00  -6.7597861e+00   1.1877883e+00
  -3.0000000e+00   6.9426398e+00  -3.0000000e+00  -6.9426398e+00   1.2880099e+00
  -3.0000000e+00   7.1356285e+00  -3.0000000e+00  -7.1356285e+00   1.3966878e+00
  -3.0000000e+00   7.3391681e+00  -3.0000000e+00  -7.3391681e+00   1.5145355e+00
  -3.0000000e+00   7.5536860e+00  -3.0000000e+00  -7.5536860e+00   1.6423269e+00
  -3.0000000e+00   7.7796222e+00  -3.0000000e+00  -7.7796222e+00   1.7809009e+00
  -3.0000000e+00   8.0174298e+00  -3.0000000e+00  -8.0174298e+00   1.9311672e+00
  -3.0000000e+00   8.2675761e+00  -3.0000000e+00  -8.2675761e+00   2.0941126e+00
  -3.0000000e+00   8.5305432e+00  -3.0000000e+00  -8.5305432e+00   2.2708067e+00
  -3.0000000e+00   8.8068292e+00  -3.0000000e+00  -8.8068292e+00   2.4624096e+00
  -3.0000000e+00   9.0969492e+00  -3.0000000e+00  -9.0969492e+00   2.6701794e+00
  -3.0000000e+00   9.4014361e+00  -3.0000000e+00  -9.4014361e+00   2.8954800e+00
  -3.0000000e+00   9.7208421e+00  -3.0000000e+00  -9.7208421e+00   3.1397908e+00
  -3.0000000e+00   1.0055739e+01  -3.0000000e+00  -1.0055739e+01   3.4047157e+00
  -3.0000000e+00   1.0406721e+01  -3.0000000e+00  -1.0406721e+01   3.6919940e+00
  -3.0000000e+00   1.0774405e+01  -3.0000000e+00  -1.0774405e+01   4.0035119e+00
  -3.0000000e+00   1.1159430e+01  -3.0000000e+00  -1.1159430e+01   4.3413147e+00
  -3.0000000e+00   1.1562461e+01  -3.0000000e+00  -1.1562461e+01   4.7076201e+00
  -3.0000000e+00   1.1984191e+01  -3.0000000e+00  -1.1984191e+01   5.1048330e+00
  -3.0000000e+00   1.2425339e+01  -3.0000000e+00  -1.2425339e+01   5.5355615e+00
  -3.0000000e+00   1.2886653e+01  -3.0000000e+00  -1.2886653e+01   6.0026334e+00
  -3.0000000e+00   1.3368915e+01  -3.0000000e+00  -1.3368915e+01   6.5091152e+00
  -3.0000000e+00   1.3872934e+01  -3.0000000e+00  -1.3872934e+01   7.0583322e+00
  -3.0000000e+00   1.4399558e+01  -3.0000000e+00  -1.4399558e+01   7.6538903e+00
  -3.0000000e+00   1.4949665e+01  -3.0000000e+00  -1.4949665e+01   8.2996996e+00
  -3.0000000e+00   1.5524175e+01  -3.0000000e+00  -1.5524175e+01   9.0000000e+00
  -3.0000000e+00   3.1625306e+02  -3.0000000e+00  -3.1625306e+02   4.0000000e+03
             Inf   0.0000000e+00             Inf   0.0000000e+00             Inf
