   0.0000000e+00   0.0000000e+00
   1.0050251e-02   9.0806364e-04
   2.0100503e-02   3.5571856e-03
   3.0150754e-02   7.8342275e-03
   4.0201005e-02   1.3625757e-02
   5.0251256e-02   2.0818546e-02
   6.0301508e-02   2.9300041e-02
   7.0351759e-02   3.8958801e-02
   8.0402010e-02   4.9684905e-02
   9.0452261e-02   6.1370331e-02
   1.0050251e-01   7.3909304e-02
   1.1055276e-01   8.7198613e-02
   1.2060302e-01   1.0113790e-01
   1.3065327e-01   1.1562992e-01
   1.4070352e-01   1.3058076e-01
   1.5075377e-01   1.4590008e-01
   1.6080402e-01   1.6150123e-01
   1.7085427e-01   1.7730145e-01
   1.8090452e-01   1.9322198e-01
   1.9095477e-01   2.0918816e-01
   2.0100503e-01   2.2512948e-01
   2.1105528e-01   2.4097970e-01
   2.2110553e-01   2.5667681e-01
   2.3115578e-01   2.7216311e-01
   2.4120603e-01   2.8738513e-01
   2.5125628e-01   3.0229369e-01
   2.6130653e-01   3.1684382e-01
   2.7135678e-01   3.3099466e-01
   2.8140704e-01   3.4470949e-01
   2.9145729e-01   3.5795556e-01
   3.0150754e-01   3.7070404e-01
   3.1155779e-01   3.8292990e-01
   3.2160804e-01   3.9461178e-01
   3.3165829e-01   4.0573190e-01
   3.4170854e-01   4.1627589e-01
   3.5175879e-01   4.2623269e-01
   3.6180905e-01   4.3559436e-01
   3.7185930e-01   4.4435596e-01
   3.8190955e-01   4.5251540e-01
   3.9195980e-01   4.6007324e-01
   4.0201005e-01   4.6703260e-01
   4.1206030e-01   4.7339893e-01
   4.2211055e-01   4.7917989e-01
   4.3216080e-01   4.8438519e-01
   4.4221106e-01   4.8902640e-01
   4.5226131e-01   4.9311682e-01
   4.6231156e-01   4.9667130e-01
   4.7236181e-01   4.9970611e-01
   4.8241206e-01   5.0223876e-01
   4.9246231e-01   5.0428789e-01
   5.0251256e-01   5.0587309e-01
   5.1256281e-01   5.0701477e-01
   5.2261307e-01   5.0773404e-01
   5.3266332e-01   5.0805256e-01
   5.4271357e-01   5.0799242e-01
   5.5276382e-01   5.0757606e-01
   5.6281407e-01   5.0682607e-01
   5.7286432e-01   5.0576517e-01
   5.8291457e-01   5.0441606e-01
   5.9296482e-01   5.0280133e-01
   6.0301508e-01   5.0094339e-01
   6.1306533e-01   4.9886436e-01
   6.2311558e-01   4.9658602e-01
   6.3316583e-01   4.9412970e-01
   6.4321608e-01   4.9151625e-01
   6.5326633e-01   4.8876597e-01
   6.6331658e-01   4.8589855e-01
   6.7336683e-01   4.8293302e-01
   6.8341709e-01   4.7988772e-01
   6.9346734e-01   4.7678026e-01
   7.0351759e-01   4.7362747e-01
   7.1356784e-01   4.7044539e-01
   7.2361809e-01   4.6724926e-01
   7.3366834e-01   4.6405348e-01
   7.4371859e-01   4.6087160e-01
   7.5376884e-01   4.5771632e-01
   7.6381910e-01   4.5459949e-01
   7.7386935e-01   4.5153210e-01
   7.8391960e-01   4.4852429e-01
   7.9396985e-01   4.4558533e-01
   8.0402010e-01   4.4272370e-01
   8.1407035e-01   4.3994701e-01
   8.2412060e-01   4.3726210e-01
   8.3417085e-01   4.3467499e-01
   8.4422111e-01   4.3219096e-01
   8.5427136e-01   4.2981452e-01
   8.6432161e-01   4.2754947e-01
   8.7437186e-01   4.2539891e-01
   8.8442211e-01   4.2336529e-01
   8.9447236e-01   4.2145038e-01
   9.0452261e-01   4.1965539e-01
   9.1457286e-01   4.1798091e-01
   9.2462312e-01   4.1642701e-01
   9.3467337e-01   4.1499323e-01
   9.4472362e-01   4.1367864e-01
   9.5477387e-01   4.1248184e-01
   9.6482412e-01   4.1140102e-01
   9.7487437e-01   4.1043399e-01
   9.8492462e-01   4.0957820e-01
   9.9497487e-01   4.0883077e-01
   1.0050251e+00   4.0818853e-01
   1.0150754e+00   4.0764806e-01
   1.0251256e+00   4.0720569e-01
   1.0351759e+00   4.0685758e-01
   1.0452261e+00   4.0659967e-01
   1.0552764e+00   4.0642779e-01
   1.0653266e+00   4.0633762e-01
   1.0753769e+00   4.0632479e-01
   1.0854271e+00   4.0638480e-01
   1.0954774e+00   4.0651315e-01
   1.1055276e+00   4.0670528e-01
   1.1155779e+00   4.0695666e-01
   1.1256281e+00   4.0726274e-01
   1.1356784e+00   4.0761903e-01
   1.1457286e+00   4.0802107e-01
   1.1557789e+00   4.0846448e-01
   1.1658291e+00   4.0894495e-01
   1.1758794e+00   4.0945828e-01
   1.1859296e+00   4.1000036e-01
   1.1959799e+00   4.1056720e-01
   1.2060302e+00   4.1115495e-01
   1.2160804e+00   4.1175989e-01
   1.2261307e+00   4.1237845e-01
   1.2361809e+00   4.1300719e-01
   1.2462312e+00   4.1364285e-01
   1.2562814e+00   4.1428233e-01
   1.2663317e+00   4.1492269e-01
   1.2763819e+00   4.1556116e-01
   1.2864322e+00   4.1619513e-01
   1.2964824e+00   4.1682217e-01
   1.3065327e+00   4.1744003e-01
   1.3165829e+00   4.1804662e-01
   1.3266332e+00   4.1864002e-01
   1.3366834e+00   4.1921848e-01
   1.3467337e+00   4.1978043e-01
   1.3567839e+00   4.2032443e-01
   1.3668342e+00   4.2084924e-01
   1.3768844e+00   4.2135374e-01
   1.3869347e+00   4.2183697e-01
   1.3969849e+00   4.2229814e-01
   1.4070352e+00   4.2273657e-01
   1.4170854e+00   4.2315173e-01
   1.4271357e+00   4.2354322e-01
   1.4371859e+00   4.2391077e-01
   1.4472362e+00   4.2425420e-01
   1.4572864e+00   4.2457348e-01
   1.4673367e+00   4.2486866e-01
   1.4773869e+00   4.2513990e-01
   1.4874372e+00   4.2538744e-01
   1.4974874e+00   4.2561162e-01
   1.5075377e+00   4.2581287e-01
   1.5175879e+00   4.2599165e-01
   1.5276382e+00   4.2614854e-01
   1.5376884e+00   4.2628414e-01
   1.5477387e+00   4.2639912e-01
   1.5577889e+00   4.2649420e-01
   1.5678392e+00   4.2657015e-01
   1.5778894e+00   4.2662775e-01
   1.5879397e+00   4.2666785e-01
   1.5979899e+00   4.2669129e-01
   1.6080402e+00   4.2669894e-01
   1.6180905e+00   4.2669170e-01
   1.6281407e+00   4.2667048e-01
   1.6381910e+00   4.2663617e-01
   1.6482412e+00   4.2658970e-01
   1.6582915e+00   4.2653196e-01
   1.6683417e+00   4.2646388e-01
   1.6783920e+00   4.2638633e-01
   1.6884422e+00   4.2630020e-01
   1.6984925e+00   4.2620636e-01
   1.7085427e+00   4.2610567e-01
   1.7185930e+00   4.2599894e-01
   1.7286432e+00   4.2588699e-01
   1.7386935e+00   4.2577060e-01
   1.7487437e+00   4.2565052e-01
   1.7587940e+00   4.2552747e-01
   1.7688442e+00   4.2540216e-01
   1.7788945e+00   4.2527525e-01
   1.7889447e+00   4.2514737e-01
   1.7989950e+00   4.2501912e-01
   1.8090452e+00   4.2489107e-01
   1.8190955e+00   4.2476374e-01
   1.8291457e+00   4.2463765e-01
   1.8391960e+00   4.2451324e-01
   1.8492462e+00   4.2439096e-01
   1.8592965e+00   4.2427120e-01
   1.8693467e+00   4.2415431e-01
   1.8793970e+00   4.2404063e-01
   1.8894472e+00   4.2393044e-01
   1.8994975e+00   4.2382403e-01
   1.9095477e+00   4.2372161e-01
   1.9195980e+00   4.2362338e-01
   1.9296482e+00   4.2352953e-01
   1.9396985e+00   4.2344019e-01
   1.9497487e+00   4.2335547e-01
   1.9597990e+00   4.2327547e-01
   1.9698492e+00   4.2320026e-01
   1.9798995e+00   4.2312986e-01
   1.9899497e+00   4.2306430e-01
   2.0000000e+00   4.2300357e-01
