  -3.0000000e+00   0.0000000e+00  -1.0000000e+00   0.0000000e+00   0.0000000e+00
  -2.9459343e+00   0.0000000e+00  -1.1052852e+00   0.0000000e+00   5.1219512e-02
  -2.9382692e+00   0.0000000e+00  -1.1197650e+00   0.0000000e+00   5.8034190e-02
  -2.9294347e+00   0.0000000e+00  -1.1363209e+00   0.0000000e+00   6.5755550e-02
  -2.9192244e+00   0.0000000e+00  -1.1552799e+00   0.0000000e+00   7.4504225e-02
  -2.9073852e+00   0.0000000e+00  -1.1770317e+00   0.0000000e+00   8.4416898e-02
  -2.8936031e+00   0.0000000e+00  -1.2020454e+00   0.0000000e+00   9.5648437e-02
  -2.8774813e+00   0.0000000e+00  -1.2308930e+00   0.0000000e+00   1.0837432e-01
  -2.8585099e+00   0.0000000e+00  -1.2642835e+00   0.0000000e+00   1.2279335e-01
  -2.8360162e+00   0.0000000e+00  -1.3031146e+00   0.0000000e+00   1.3913082e-01
  -2.8090859e+00   0.0000000e+00  -1.3485561e+00   0.0000000e+00   1.5764196e-01
  -2.7764237e+00   0.0000000e+00  -1.4021923e+00   0.0000000e+00   1.7861598e-01
  -2.7360901e+00   0.0000000e+00  -1.4662905e+00   0.0000000e+00   2.0238057e-01
  -2.6849380e+00   0.0000000e+00  -1.5443690e+00   0.0000000e+00   2.2930699e-01
  -2.6171741e+00   0.0000000e+00  -1.6426418e+00   0.0000000e+00   2.5981594e-01
  -2.5193658e+00   0.0000000e+00  -1.7750182e+00   0.0000000e+00   2.9438405e-01
  -2.3315785e+00   0.0000000e+00  -2.0019729e+00   0.0000000e+00   3.3355140e-01
  -2.2025556e+00   0.0000000e+00  -2.1402470e+00   0.0000000e+00   3.4280260e-01
  -2.1715729e+00   0.0000000e+00  -2.1715729e+00   0.0000000e+00   3.4314575e-01
  -2.1717444e+00   3.1153384e-02  -2.1717444e+00  -3.1153384e-02   3.4348890e-01
  -2.1889649e+00   3.1318037e-01  -2.1889649e+00  -3.1318037e-01   3.7792990e-01
  -2.2141064e+00   4.8866871e-01  -2.2141064e+00  -4.8866871e-01   4.2821289e-01
  -2.2425930e+00   6.2984643e-01  -2.2425930e+00  -6.2984643e-01   4.8518596e-01
  -2.2748696e+00   7.5740632e-01  -2.2748696e+00  -7.5740632e-01   5.4973921e-01
  -2.3114406e+00   8.7843513e-01  -2.3114406e+00  -8.7843513e-01   6.2288117e-01
  -2.3528773e+00   9.9636404e-01  -2.3528773e+00  -9.9636404e-01   7.0575456e-01
  -2.3998271e+00   1.1131490e+00  -2.3998271e+00  -1.1131490e+00   7.9965412e-01
  -2.4530234e+00   1.2300042e+00  -2.4530234e+00  -1.2300042e+00   9.0604688e-01
  -2.5132975e+00   1.3477057e+00  -2.5132975e+00  -1.3477057e+00   1.0265950e+00
  -2.5815910e+00   1.4667303e+00  -2.5815910e+00  -1.4667303e+00   1.1631819e+00
  -2.6589707e+00   1.5873191e+00  -2.6589707e+00  -1.5873191e+00   1.3179415e+00
  -2.7466458e+00   1.7095013e+00  -2.7466458e+00  -1.7095013e+00   1.4932916e+00
  -2.8459859e+00   1.8330911e+00  -2.8459859e+00  -1.8330911e+00   1.6919718e+00
  -2.9585430e+00   1.9576653e+00  -2.9585430e+00  -1.9576653e+00   1.9170860e+00
  -3.0860757e+00   2.0825210e+00  -3.0860757e+00  -2.0825210e+00   2.1721514e+00
  -3.2305764e+00   2.2066128e+00  -3.2305764e+00  -2.2066128e+00   2.4611528e+00
  -3.3943027e+00   2.3284622e+00  -3.3943027e+00  -2.3284622e+00   2.7886054e+00
  -3.5798125e+00   2.4460310e+00  -3.5798125e+00  -2.4460310e+00   3.1596251e+00
  -3.7900042e+00   2.5565426e+00  -3.7900042e+00  -2.5565426e+00   3.5800083e+00
  -4.0281615e+00   2.6562247e+00  -4.0281615e+00  -2.6562247e+00   4.0563230e+00
  -4.2980053e+00   2.7399276e+00  -4.2980053e+00  -2.7399276e+00   4.5960105e+00
  -4.6037513e+00   2.8005333e+00  -4.6037513e+00  -2.8005333e+00   5.2075027e+00
  -4.9501765e+00   2.8279883e+00  -4.9501765e+00  -2.8279883e+00   5.9003530e+00
  -5.3426929e+00   2.8075900e+00  -5.3426929e+00  -2.8075900e+00   6.6853859e+00
  -5.7874331e+00   2.7166062e+00  -5.7874331e+00  -2.7166062e+00   7.5748662e+00
  -6.0393892e+00   2.6305266e+00  -6.0393892e+00  -2.6305266e+00   8.0787784e+00
  -6.2913453e+00   2.5164315e+00  -6.2913453e+00  -2.5164315e+00   8.5826906e+00
  -6.8623022e+00   2.1288096e+00  -6.8623022e+00  -2.1288096e+00   9.7246044e+00
  -7.0240327e+00   1.9756750e+00  -7.0240327e+00  -1.9756750e+00   1.0048065e+01
  -7.1857631e+00   1.7951154e+00  -7.1857631e+00  -1.7951154e+00   1.0371526e+01
  -7.5092241e+00   1.3052948e+00  -7.5092241e+00  -1.3052948e+00   1.1018448e+01
  -7.5875677e+00   1.1421441e+00  -7.5875677e+00  -1.1421441e+00   1.1175135e+01
  -7.6659114e+00   9.4494258e-01  -7.6659114e+00  -9.4494258e-01   1.1331823e+01
  -7.7442550e+00   6.8488266e-01  -7.7442550e+00  -6.8488266e-01   1.1488510e+01
  -7.8225987e+00   1.8148441e-01  -7.8225987e+00  -1.8148441e-01   1.1645197e+01
  -7.8284271e+00   8.3394689e-08  -7.8284271e+00  -8.3394689e-08   1.1656854e+01
  -7.6525841e+00   0.0000000e+00  -8.0159271e+00   0.0000000e+00   1.1668511e+01
  -6.6572962e+00   0.0000000e+00  -9.8271397e+00   0.0000000e+00   1.2484436e+01
  -6.1423474e+00   0.0000000e+00  -1.2003123e+01   0.0000000e+00   1.4145471e+01
  -5.8739804e+00   0.0000000e+00  -1.4153524e+01   0.0000000e+00   1.6027504e+01
  -5.6979597e+00   0.0000000e+00  -1.6461979e+01   0.0000000e+00   1.8159939e+01
  -5.5712302e+00   0.0000000e+00  -1.9004861e+01   0.0000000e+00   2.0576091e+01
  -5.4750986e+00   0.0000000e+00  -2.1838610e+01   0.0000000e+00   2.3313708e+01
  -5.0185721e+00   0.0000000e+00  -4.3575363e+02   0.0000000e+00   4.3677220e+02
  -5.0000000e+00   0.0000000e+00             Inf   0.0000000e+00             Inf
