  -3.0000000e+00   0.0000000e+00  -1.0000000e+00   0.0000000e+00   0.0000000e+00
  -2.9538382e+00   0.0000000e+00  -1.1044952e+00   0.0000000e+00   5.8333333e-02
  -2.9476708e+00   0.0000000e+00  -1.1179854e+00   0.0000000e+00   6.5656221e-02
  -2.9406191e+00   0.0000000e+00  -1.1332793e+00   0.0000000e+00   7.3898390e-02
  -2.9325374e+00   0.0000000e+00  -1.1506379e+00   0.0000000e+00   8.3175241e-02
  -2.9232496e+00   0.0000000e+00  -1.1703670e+00   0.0000000e+00   9.3616663e-02
  -2.9125411e+00   0.0000000e+00  -1.1928277e+00   0.0000000e+00   1.0536885e-01
  -2.9001462e+00   0.0000000e+00  -1.2184502e+00   0.0000000e+00   1.1859635e-01
  -2.8857316e+00   0.0000000e+00  -1.2477528e+00   0.0000000e+00   1.3348437e-01
  -2.8688711e+00   0.0000000e+00  -1.2813703e+00   0.0000000e+00   1.5024137e-01
  -2.8490076e+00   0.0000000e+00  -1.3200943e+00   0.0000000e+00   1.6910195e-01
  -2.8253917e+00   0.0000000e+00  -1.3649385e+00   0.0000000e+00   1.9033020e-01
  -2.7969773e+00   0.0000000e+00  -1.4172461e+00   0.0000000e+00   2.1422334e-01
  -2.7622311e+00   0.0000000e+00  -1.4788848e+00   0.0000000e+00   2.4111592e-01
  -2.7187456e+00   0.0000000e+00  -1.5526389e+00   0.0000000e+00   2.7138446e-01
  -2.6623276e+00   0.0000000e+00  -1.6431251e+00   0.0000000e+00   3.0545277e-01
  -2.5842757e+00   0.0000000e+00  -1.7595221e+00   0.0000000e+00   3.4379785e-01
  -2.4581335e+00   0.0000000e+00  -1.9288231e+00   0.0000000e+00   3.8695659e-01
  -2.2394305e+00   0.0000000e+00  -2.1775764e+00   0.0000000e+00   4.1700688e-01
  -2.2087122e+00   4.4400483e-08  -2.2087122e+00  -4.4400483e-08   4.1742431e-01
  -2.2089209e+00   3.0925648e-02  -2.2089209e+00  -3.0925648e-02   4.1784173e-01
  -2.2177666e+00   2.0349663e-01  -2.2177666e+00  -2.0349663e-01   4.3553328e-01
  -2.2451040e+00   4.0674823e-01  -2.2451040e+00  -4.0674823e-01   4.9020804e-01
  -2.2758732e+00   5.5069049e-01  -2.2758732e+00  -5.5069049e-01   5.5174642e-01
  -2.3105050e+00   6.7536043e-01  -2.3105050e+00  -6.7536043e-01   6.2101003e-01
  -2.3494843e+00   7.9074797e-01  -2.3494843e+00  -7.9074797e-01   6.9896866e-01
  -2.3933569e+00   9.0114092e-01  -2.3933569e+00  -9.0114092e-01   7.8671385e-01
  -2.4427371e+00   1.0087959e+00  -2.4427371e+00  -1.0087959e+00   8.8547415e-01
  -2.4983162e+00   1.1150165e+00  -2.4983162e+00  -1.1150165e+00   9.9663235e-01
  -2.5608724e+00   1.2205672e+00  -2.5608724e+00  -1.2205672e+00   1.1217448e+00
  -2.6312816e+00   1.3258551e+00  -2.6312816e+00  -1.3258551e+00   1.2625633e+00
  -2.7105297e+00   1.4310123e+00  -2.7105297e+00  -1.4310123e+00   1.4210595e+00
  -2.7997262e+00   1.5359262e+00  -2.7997262e+00  -1.5359262e+00   1.5994525e+00
  -2.9001201e+00   1.6402391e+00  -2.9001201e+00  -1.6402391e+00   1.8002401e+00
  -3.0131168e+00   1.7433240e+00  -3.0131168e+00  -1.7433240e+00   2.0262337e+00
  -3.1402987e+00   1.8442376e+00  -3.1402987e+00  -1.8442376e+00   2.2805974e+00
  -3.2834463e+00   1.9416481e+00  -3.2834463e+00  -1.9416481e+00   2.5668927e+00
  -3.4445640e+00   2.0337293e+00  -3.4445640e+00  -2.0337293e+00   2.8891281e+00
  -3.6259077e+00   2.1180091e+00  -3.6259077e+00  -2.1180091e+00   3.2518154e+00
  -3.8300164e+00   2.1911463e+00  -3.8300164e+00  -2.1911463e+00   3.6600328e+00
  -4.0597479e+00   2.2485947e+00  -4.0597479e+00  -2.2485947e+00   4.1194959e+00
  -4.3183188e+00   2.2840735e+00  -4.3183188e+00  -2.2840735e+00   4.6366377e+00
  -4.6093495e+00   2.2886771e+00  -4.6093495e+00  -2.2886771e+00   5.2186991e+00
  -4.9369148e+00   2.2492455e+00  -4.9369148e+00  -2.2492455e+00   5.8738296e+00
  -5.3056011e+00   2.1449958e+00  -5.3056011e+00  -2.1449958e+00   6.6112021e+00
  -5.5130857e+00   2.0551538e+00  -5.5130857e+00  -2.0551538e+00   7.0261715e+00
  -5.7205704e+00   1.9391255e+00  -5.7205704e+00  -1.9391255e+00   7.4411409e+00
  -5.9541018e+00   1.7707592e+00  -5.9541018e+00  -1.7707592e+00   7.9082035e+00
  -6.1876331e+00   1.5498047e+00  -6.1876331e+00  -1.5498047e+00   8.3752662e+00
  -6.4504808e+00   1.2023413e+00  -6.4504808e+00  -1.2023413e+00   8.9009616e+00
  -6.5819047e+00   9.5690802e-01  -6.5819047e+00  -9.5690802e-01   9.1638093e+00
  -6.7133285e+00   5.9260173e-01  -6.7133285e+00  -5.9260173e-01   9.4266571e+00
  -6.7499125e+00   4.3346688e-01  -6.7499125e+00  -4.3346688e-01   9.4998251e+00
  -6.7864966e+00   1.4809957e-01  -6.7864966e+00  -1.4809957e-01   9.5729931e+00
  -6.7912878e+00   2.8190192e-07  -6.7912878e+00  -2.8190192e-07   9.5825757e+00
  -6.6478246e+00   0.0000000e+00  -6.9443336e+00   0.0000000e+00   9.5921583e+00
  -5.6869561e+00   0.0000000e+00  -8.9230785e+00   0.0000000e+00   1.0610035e+01
  -5.3637384e+00   0.0000000e+00  -1.0578229e+01   0.0000000e+00   1.1941968e+01
  -5.1761113e+00   0.0000000e+00  -1.2264994e+01   0.0000000e+00   1.3441105e+01
  -5.0479912e+00   0.0000000e+00  -1.4080446e+01   0.0000000e+00   1.5128437e+01
  -4.9536035e+00   0.0000000e+00  -1.6073986e+01   0.0000000e+00   1.7027589e+01
  -4.8808686e+00   0.0000000e+00  -1.8284283e+01   0.0000000e+00   1.9165151e+01
  -4.5145562e+00   0.0000000e+00  -3.6517110e+02   0.0000000e+00   3.6568566e+02
  -4.5000000e+00   0.0000000e+00             Inf   0.0000000e+00             Inf
