  -3.0000000e+00   0.0000000e+00  -1.0000000e+00   0.0000000e+00   0.0000000e+00
  -2.9642813e+00   0.0000000e+00  -1.1034606e+00   0.0000000e+00   6.7741935e-02
  -2.9598633e+00   0.0000000e+00  -1.1157637e+00   0.0000000e+00   7.5627020e-02
  -2.9548607e+00   0.0000000e+00  -1.1295692e+00   0.0000000e+00   8.4429919e-02
  -2.9491854e+00   0.0000000e+00  -1.1450721e+00   0.0000000e+00   9.4257466e-02
  -2.9427327e+00   0.0000000e+00  -1.1624963e+00   0.0000000e+00   1.0522893e-01
  -2.9353774e+00   0.0000000e+00  -1.1821001e+00   0.0000000e+00   1.1747746e-01
  -2.9269682e+00   0.0000000e+00  -1.2041835e+00   0.0000000e+00   1.3115170e-01
  -2.9173204e+00   0.0000000e+00  -1.2290973e+00   0.0000000e+00   1.4641761e-01
  -2.9062052e+00   0.0000000e+00  -1.2572553e+00   0.0000000e+00   1.6346045e-01
  -2.8933353e+00   0.0000000e+00  -1.2891517e+00   0.0000000e+00   1.8248706e-01
  -2.8783432e+00   0.0000000e+00  -1.3253852e+00   0.0000000e+00   2.0372835e-01
  -2.8607473e+00   0.0000000e+00  -1.3666948e+00   0.0000000e+00   2.2744210e-01
  -2.8398999e+00   0.0000000e+00  -1.4140162e+00   0.0000000e+00   2.5391610e-01
  -2.8148968e+00   0.0000000e+00  -1.4685748e+00   0.0000000e+00   2.8347165e-01
  -2.7844150e+00   0.0000000e+00  -1.5320524e+00   0.0000000e+00   3.1646742e-01
  -2.7463871e+00   0.0000000e+00  -1.6069168e+00   0.0000000e+00   3.5330387e-01
  -2.6972513e+00   0.0000000e+00  -1.6971767e+00   0.0000000e+00   3.9442804e-01
  -2.6297993e+00   0.0000000e+00  -1.8105397e+00   0.0000000e+00   4.4033902e-01
  -2.5236966e+00   0.0000000e+00  -1.9678974e+00   0.0000000e+00   4.9159398e-01
  -2.2981488e+00   0.0000000e+00  -2.2372136e+00   0.0000000e+00   5.3536249e-01
  -2.2679492e+00   3.1861306e-08  -2.2679492e+00  -3.1861306e-08   5.3589838e-01
  -2.2682171e+00   3.0465250e-02  -2.2682171e+00  -3.0465250e-02   5.3643428e-01
  -2.2744075e+00   1.4943380e-01  -2.2744075e+00  -1.4943380e-01   5.4881496e-01
  -2.3063482e+00   3.6268938e-01  -2.3063482e+00  -3.6268938e-01   6.1269640e-01
  -2.3420068e+00   5.0105738e-01  -2.3420068e+00  -5.0105738e-01   6.8401357e-01
  -2.3818160e+00   6.1764108e-01  -2.3818160e+00  -6.1764108e-01   7.6363197e-01
  -2.4262589e+00   7.2342177e-01  -2.4262589e+00  -7.2342177e-01   8.5251787e-01
  -2.4758750e+00   8.2282620e-01  -2.4758750e+00  -8.2282620e-01   9.5174998e-01
  -2.5312663e+00   9.1805300e-01  -2.5312663e+00  -9.1805300e-01   1.0625326e+00
  -2.5931051e+00   1.0102706e+00  -2.5931051e+00  -1.0102706e+00   1.1862102e+00
  -2.6621419e+00   1.1000616e+00  -2.6621419e+00  -1.1000616e+00   1.3242837e+00
  -2.7392144e+00   1.1876109e+00  -2.7392144e+00  -1.1876109e+00   1.4784288e+00
  -2.8252581e+00   1.2727850e+00  -2.8252581e+00  -1.2727850e+00   1.6505163e+00
  -2.9213172e+00   1.3551544e+00  -2.9213172e+00  -1.3551544e+00   1.8426345e+00
  -3.0285575e+00   1.4339803e+00  -3.0285575e+00  -1.4339803e+00   2.0571151e+00
  -3.1482805e+00   1.5081690e+00  -3.1482805e+00  -1.5081690e+00   2.2965609e+00
  -3.2819390e+00   1.5761943e+00  -3.2819390e+00  -1.5761943e+00   2.5638780e+00
  -3.4311552e+00   1.6359754e+00  -3.4311552e+00  -1.6359754e+00   2.8623105e+00
  -3.5977401e+00   1.6846919e+00  -3.5977401e+00  -1.6846919e+00   3.1954802e+00
  -3.7837152e+00   1.7184938e+00  -3.7837152e+00  -1.7184938e+00   3.5674304e+00
  -3.9913377e+00   1.7320291e+00  -3.9913377e+00  -1.7320291e+00   3.9826753e+00
  -4.2231271e+00   1.7176188e+00  -4.2231271e+00  -1.7176188e+00   4.4462542e+00
  -4.4818966e+00   1.6636633e+00  -4.4818966e+00  -1.6636633e+00   4.9637931e+00
  -4.7707865e+00   1.5510926e+00  -4.7707865e+00  -1.5510926e+00   5.5415730e+00
  -4.9320447e+00   1.4598947e+00  -4.9320447e+00  -1.4598947e+00   5.8640894e+00
  -5.0933029e+00   1.3433870e+00  -5.0933029e+00  -1.3433870e+00   6.1866058e+00
  -5.2733314e+00   1.1741495e+00  -5.2733314e+00  -1.1741495e+00   6.5466628e+00
  -5.4533599e+00   9.4220226e-01  -5.4533599e+00  -9.4220226e-01   6.9067197e+00
  -5.5908393e+00   6.8500385e-01  -5.5908393e+00  -6.8500385e-01   7.1816786e+00
  -5.6595790e+00   4.9577962e-01  -5.6595790e+00  -4.9577962e-01   7.3191581e+00
  -5.7283188e+00   1.1364099e-01  -5.7283188e+00  -1.1364099e-01   7.4566375e+00
  -5.7320508e+00   0.0000000e+00  -5.7320508e+00   0.0000000e+00   7.4641016e+00
  -5.6220194e+00   0.0000000e+00  -5.8495463e+00   0.0000000e+00   7.4715657e+00
  -5.1903169e+00   0.0000000e+00  -6.5203371e+00   0.0000000e+00   7.7106541e+00
  -4.7846100e+00   0.0000000e+00  -7.8235554e+00   0.0000000e+00   8.6081655e+00
  -4.5986200e+00   0.0000000e+00  -9.0115261e+00   0.0000000e+00   9.6101462e+00
  -4.4801035e+00   0.0000000e+00  -1.0248653e+01   0.0000000e+00   1.0728756e+01
  -4.3956796e+00   0.0000000e+00  -1.1581892e+01   0.0000000e+00   1.1977571e+01
  -4.3318627e+00   0.0000000e+00  -1.3039884e+01   0.0000000e+00   1.3371747e+01
  -4.2817849e+00   0.0000000e+00  -1.4646418e+01   0.0000000e+00   1.4928203e+01
  -4.0103836e+00   0.0000000e+00  -2.9291798e+02   0.0000000e+00   2.9292837e+02
  -4.0000000e+00   0.0000000e+00             Inf   0.0000000e+00             Inf
