  -3.0000000e+00   0.0000000e+00  -1.0000000e+00   0.0000000e+00   0.0000000e+00
  -2.9787220e+00   0.0000000e+00  -1.1020472e+00   0.0000000e+00   8.0769231e-02
  -2.9763654e+00   0.0000000e+00  -1.1128393e+00   0.0000000e+00   8.9204682e-02
  -2.9737306e+00   0.0000000e+00  -1.1247905e+00   0.0000000e+00   9.8521122e-02
  -2.9707808e+00   0.0000000e+00  -1.1380298e+00   0.0000000e+00   1.0881056e-01
  -2.9674729e+00   0.0000000e+00  -1.1527017e+00   0.0000000e+00   1.2017462e-01
  -2.9637566e+00   0.0000000e+00  -1.1689689e+00   0.0000000e+00   1.3272553e-01
  -2.9595730e+00   0.0000000e+00  -1.1870143e+00   0.0000000e+00   1.4658724e-01
  -2.9548520e+00   0.0000000e+00  -1.2070446e+00   0.0000000e+00   1.6189665e-01
  -2.9495102e+00   0.0000000e+00  -1.2292947e+00   0.0000000e+00   1.7880496e-01
  -2.9434471e+00   0.0000000e+00  -1.2540321e+00   0.0000000e+00   1.9747915e-01
  -2.9365401e+00   0.0000000e+00  -1.2815636e+00   0.0000000e+00   2.1810366e-01
  -2.9286383e+00   0.0000000e+00  -1.3122438e+00   0.0000000e+00   2.4088217e-01
  -2.9195532e+00   0.0000000e+00  -1.3464864e+00   0.0000000e+00   2.6603964e-01
  -2.9090451e+00   0.0000000e+00  -1.3847795e+00   0.0000000e+00   2.9382454e-01
  -2.8968031e+00   0.0000000e+00  -1.4277081e+00   0.0000000e+00   3.2451125e-01
  -2.8824147e+00   0.0000000e+00  -1.4759882e+00   0.0000000e+00   3.5840286e-01
  -2.8653150e+00   0.0000000e+00  -1.5305191e+00   0.0000000e+00   3.9583406e-01
  -2.8447011e+00   0.0000000e+00  -1.5924734e+00   0.0000000e+00   4.3717454e-01
  -2.8193721e+00   0.0000000e+00  -1.6634604e+00   0.0000000e+00   4.8283258e-01
  -2.7874008e+00   0.0000000e+00  -1.7458583e+00   0.0000000e+00   5.3325909e-01
  -2.7453508e+00   0.0000000e+00  -1.8436013e+00   0.0000000e+00   5.8895209e-01
  -2.6859005e+00   0.0000000e+00  -1.9645611e+00   0.0000000e+00   6.5046161e-01
  -2.5859799e+00   0.0000000e+00  -2.1324153e+00   0.0000000e+00   7.1839511e-01
  -2.4108116e+00   0.0000000e+00  -2.3523565e+00   0.0000000e+00   7.6316809e-01
  -2.3819661e+00   0.0000000e+00  -2.3819660e+00   0.0000000e+00   7.6393202e-01
  -2.3823480e+00   2.9222527e-02  -2.3823480e+00  -2.9222527e-02   7.6469595e-01
  -2.3967118e+00   1.8098359e-01  -2.3967118e+00  -1.8098359e-01   7.9342352e-01
  -2.4381439e+00   3.4994519e-01  -2.4381439e+00  -3.4994519e-01   8.7628781e-01
  -2.4839032e+00   4.6641961e-01  -2.4839032e+00  -4.6641961e-01   9.6780636e-01
  -2.5344415e+00   5.6364598e-01  -2.5344415e+00  -5.6364598e-01   1.0688830e+00
  -2.5902580e+00   6.4989960e-01  -2.5902580e+00  -6.4989960e-01   1.1805160e+00
  -2.6519039e+00   7.2851425e-01  -2.6519039e+00  -7.2851425e-01   1.3038078e+00
  -2.7199880e+00   8.0098773e-01  -2.7199880e+00  -8.0098773e-01   1.4399761e+00
  -2.7951828e+00   8.6788981e-01  -2.7951828e+00  -8.6788981e-01   1.5903656e+00
  -2.8782308e+00   9.2919487e-01  -2.8782308e+00  -9.2919487e-01   1.7564617e+00
  -2.9699523e+00   9.8440310e-01  -2.9699523e+00  -9.8440310e-01   1.9399046e+00
  -3.0712531e+00   1.0325580e+00  -3.0712531e+00  -1.0325580e+00   2.1425062e+00
  -3.1831336e+00   1.0721920e+00  -3.1831336e+00  -1.0721920e+00   2.3662672e+00
  -3.3066988e+00   1.1011969e+00  -3.3066988e+00  -1.1011969e+00   2.6133976e+00
  -3.4431690e+00   1.1165887e+00  -3.4431690e+00  -1.1165887e+00   2.8863380e+00
  -3.5938920e+00   1.1140845e+00  -3.5938920e+00  -1.1140845e+00   3.1877840e+00
  -3.7603564e+00   1.0872969e+00  -3.7603564e+00  -1.0872969e+00   3.5207127e+00
  -3.9442061e+00   1.0260024e+00  -3.9442061e+00  -1.0260024e+00   3.8884121e+00
  -4.0457314e+00   9.7579567e-01  -4.0457314e+00  -9.7579567e-01   4.0914629e+00
  -4.1472568e+00   9.1162415e-01  -4.1472568e+00  -9.1162415e-01   4.2945137e+00
  -4.2593854e+00   8.2056918e-01  -4.2593854e+00  -8.2056918e-01   4.5187708e+00
  -4.3715140e+00   7.0033087e-01  -4.3715140e+00  -7.0033087e-01   4.7430280e+00
  -4.4324895e+00   6.1681710e-01  -4.4324895e+00  -6.1681710e-01   4.8649790e+00
  -4.4934650e+00   5.1286190e-01  -4.4934650e+00  -5.1286190e-01   4.9869300e+00
  -4.5544405e+00   3.7169248e-01  -4.5544405e+00  -3.7169248e-01   5.1088809e+00
  -4.5849282e+00   2.7005699e-01  -4.5849282e+00  -2.7005699e-01   5.1698564e+00
  -4.6154160e+00   7.6467299e-02  -4.6154160e+00  -7.6467299e-02   5.2308319e+00
  -4.6180339e+00   0.0000000e+00  -4.6180341e+00   0.0000000e+00   5.2360680e+00
  -4.5682851e+00   0.0000000e+00  -4.6700996e+00   0.0000000e+00   5.2383847e+00
  -4.5440951e+00   0.0000000e+00  -4.6972089e+00   0.0000000e+00   5.2413040e+00
  -4.0622447e+00   0.0000000e+00  -5.7232312e+00   0.0000000e+00   5.7854760e+00
  -3.9210688e+00   0.0000000e+00  -6.4686360e+00   0.0000000e+00   6.3897048e+00
  -3.8359205e+00   0.0000000e+00  -7.2211181e+00   0.0000000e+00   7.0570386e+00
  -3.7767104e+00   0.0000000e+00  -8.0173577e+00   0.0000000e+00   7.7940681e+00
  -3.7325349e+00   0.0000000e+00  -8.8755372e+00   0.0000000e+00   8.6080721e+00
  -3.6981309e+00   0.0000000e+00  -9.8089589e+00   0.0000000e+00   9.5070898e+00
  -3.6705447e+00   0.0000000e+00  -1.0829455e+01   0.0000000e+00   1.0500000e+01
  -3.5058525e+00   0.0000000e+00  -2.1708325e+02   0.0000000e+00   2.1658911e+02
  -3.5000000e+00   0.0000000e+00             Inf   0.0000000e+00             Inf
