   0.0000000e+00   0.0000000e+00
   2.0000000e-02   7.4014263e-02
   4.0000000e-02   2.1473161e-01
   6.0000000e-02   3.7186506e-01
   8.0000000e-02   5.3197015e-01
   1.0000000e-01   6.9146478e-01
   1.2000000e-01   8.4940679e-01
   1.4000000e-01   1.0055605e+00
   1.6000000e-01   1.1598792e+00
   1.8000000e-01   1.3123665e+00
   2.0000000e-01   1.4630394e+00
   2.2000000e-01   1.6119181e+00
   2.4000000e-01   1.7590237e+00
   2.6000000e-01   1.9043772e+00
   2.8000000e-01   2.0479994e+00
   3.0000000e-01   2.1899110e+00
   3.2000000e-01   2.3301324e+00
   3.4000000e-01   2.4686836e+00
   3.6000000e-01   2.6055846e+00
   3.8000000e-01   2.7408549e+00
   4.0000000e-01   2.8745142e+00
   4.2000000e-01   3.0065814e+00
   4.4000000e-01   3.1370756e+00
   4.6000000e-01   3.2660156e+00
   4.8000000e-01   3.3934198e+00
   5.0000000e-01   3.5193065e+00
   5.2000000e-01   3.6436938e+00
   5.4000000e-01   3.7665996e+00
   5.6000000e-01   3.8880415e+00
   5.8000000e-01   4.0080369e+00
   6.0000000e-01   4.1266031e+00
   6.2000000e-01   4.2437571e+00
   6.4000000e-01   4.3595157e+00
   6.6000000e-01   4.4738955e+00
   6.8000000e-01   4.5869130e+00
   7.0000000e-01   4.6985844e+00
   7.2000000e-01   4.8089257e+00
   7.4000000e-01   4.9179527e+00
   7.6000000e-01   5.0256812e+00
   7.8000000e-01   5.1321265e+00
   8.0000000e-01   5.2373040e+00
   8.2000000e-01   5.3412288e+00
   8.4000000e-01   5.4439157e+00
   8.6000000e-01   5.5453796e+00
   8.8000000e-01   5.6456350e+00
   9.0000000e-01   5.7446963e+00
   9.2000000e-01   5.8425776e+00
   9.4000000e-01   5.9392932e+00
   9.6000000e-01   6.0348567e+00
   9.8000000e-01   6.1292821e+00
   1.0000000e+00   6.2225828e+00
   1.0200000e+00   6.3147722e+00
   1.0400000e+00   6.4058636e+00
   1.0600000e+00   6.4958700e+00
   1.0800000e+00   6.5848043e+00
   1.1000000e+00   6.6726794e+00
   1.1200000e+00   6.7595079e+00
   1.1400000e+00   6.8453021e+00
   1.1600000e+00   6.9300745e+00
   1.1800000e+00   7.0138372e+00
   1.2000000e+00   7.0966022e+00
   1.2200000e+00   7.1783815e+00
   1.2400000e+00   7.2591866e+00
   1.2600000e+00   7.3390294e+00
   1.2800000e+00   7.4179211e+00
   1.3000000e+00   7.4958732e+00
   1.3200000e+00   7.5728969e+00
   1.3400000e+00   7.6490031e+00
   1.3600000e+00   7.7242028e+00
   1.3800000e+00   7.7985069e+00
   1.4000000e+00   7.8719260e+00
   1.4200000e+00   7.9444705e+00
   1.4400000e+00   8.0161511e+00
   1.4600000e+00   8.0869778e+00
   1.4800000e+00   8.1569610e+00
   1.5000000e+00   8.2261106e+00
   1.5200000e+00   8.2944366e+00
   1.5400000e+00   8.3619488e+00
   1.5600000e+00   8.4286568e+00
   1.5800000e+00   8.4945704e+00
   1.6000000e+00   8.5596988e+00
   1.6200000e+00   8.6240516e+00
   1.6400000e+00   8.6876378e+00
   1.6600000e+00   8.7504667e+00
   1.6800000e+00   8.8125472e+00
   1.7000000e+00   8.8738884e+00
   1.7200000e+00   8.9344989e+00
   1.7400000e+00   8.9943875e+00
   1.7600000e+00   9.0535627e+00
   1.7800000e+00   9.1120332e+00
   1.8000000e+00   9.1698072e+00
   1.8200000e+00   9.2268932e+00
   1.8400000e+00   9.2832991e+00
   1.8600000e+00   9.3390333e+00
   1.8800000e+00   9.3941036e+00
   1.9000000e+00   9.4485180e+00
   1.9200000e+00   9.5022842e+00
   1.9400000e+00   9.5554101e+00
   1.9600000e+00   9.6079032e+00
   1.9800000e+00   9.6597711e+00
   2.0000000e+00   9.7110212e+00
   2.0200000e+00   9.7616609e+00
   2.0400000e+00   9.8116974e+00
   2.0600000e+00   9.8611380e+00
   2.0800000e+00   9.9099896e+00
   2.1000000e+00   9.9582595e+00
   2.1200000e+00   1.0005954e+01
   2.1400000e+00   1.0053081e+01
   2.1600000e+00   1.0099647e+01
   2.1800000e+00   1.0145658e+01
   2.2000000e+00   1.0191120e+01
   2.2200000e+00   1.0236042e+01
   2.2400000e+00   1.0280428e+01
   2.2600000e+00   1.0324286e+01
   2.2800000e+00   1.0367621e+01
   2.3000000e+00   1.0410440e+01
   2.3200000e+00   1.0452749e+01
   2.3400000e+00   1.0494554e+01
   2.3600000e+00   1.0535862e+01
   2.3800000e+00   1.0576677e+01
   2.4000000e+00   1.0617006e+01
   2.4200000e+00   1.0656855e+01
   2.4400000e+00   1.0696229e+01
   2.4600000e+00   1.0735134e+01
   2.4800000e+00   1.0773576e+01
   2.5000000e+00   1.0811560e+01
   2.5200000e+00   1.0849091e+01
   2.5400000e+00   1.0886176e+01
   2.5600000e+00   1.0922818e+01
   2.5800000e+00   1.0959025e+01
   2.6000000e+00   1.0994800e+01
   2.6200000e+00   1.1030149e+01
   2.6400000e+00   1.1065077e+01
   2.6600000e+00   1.1099589e+01
   2.6800000e+00   1.1133690e+01
   2.7000000e+00   1.1167384e+01
   2.7200000e+00   1.1200678e+01
   2.7400000e+00   1.1233574e+01
   2.7600000e+00   1.1266079e+01
   2.7800000e+00   1.1298197e+01
   2.8000000e+00   1.1329933e+01
   2.8200000e+00   1.1361290e+01
   2.8400000e+00   1.1392274e+01
   2.8600000e+00   1.1422889e+01
   2.8800000e+00   1.1453139e+01
   2.9000000e+00   1.1483029e+01
   2.9200000e+00   1.1512562e+01
   2.9400000e+00   1.1541744e+01
   2.9600000e+00   1.1570579e+01
   2.9800000e+00   1.1599070e+01
   3.0000000e+00   1.1627222e+01
   3.0200000e+00   1.1655038e+01
   3.0400000e+00   1.1682523e+01
   3.0600000e+00   1.1709681e+01
   3.0800000e+00   1.1736515e+01
   3.1000000e+00   1.1763030e+01
   3.1200000e+00   1.1789229e+01
   3.1400000e+00   1.1815115e+01
   3.1600000e+00   1.1840694e+01
   3.1800000e+00   1.1865968e+01
   3.2000000e+00   1.1890940e+01
   3.2200000e+00   1.1915616e+01
   3.2400000e+00   1.1939997e+01
   3.2600000e+00   1.1964088e+01
   3.2800000e+00   1.1987892e+01
   3.3000000e+00   1.2011413e+01
   3.3200000e+00   1.2034653e+01
   3.3400000e+00   1.2057617e+01
   3.3600000e+00   1.2080307e+01
   3.3800000e+00   1.2102727e+01
   3.4000000e+00   1.2124879e+01
   3.4200000e+00   1.2146768e+01
   3.4400000e+00   1.2168397e+01
   3.4600000e+00   1.2189767e+01
   3.4800000e+00   1.2210883e+01
   3.5000000e+00   1.2231748e+01
   3.5200000e+00   1.2252364e+01
   3.5400000e+00   1.2272734e+01
   3.5600000e+00   1.2292862e+01
   3.5800000e+00   1.2312750e+01
   3.6000000e+00   1.2332402e+01
   3.6200000e+00   1.2351819e+01
   3.6400000e+00   1.2371005e+01
   3.6600000e+00   1.2389962e+01
   3.6800000e+00   1.2408694e+01
   3.7000000e+00   1.2427202e+01
   3.7200000e+00   1.2445490e+01
   3.7400000e+00   1.2463561e+01
   3.7600000e+00   1.2481416e+01
   3.7800000e+00   1.2499058e+01
   3.8000000e+00   1.2516490e+01
   3.8200000e+00   1.2533715e+01
   3.8400000e+00   1.2550734e+01
   3.8600000e+00   1.2567551e+01
   3.8800000e+00   1.2584167e+01
   3.9000000e+00   1.2600586e+01
   3.9200000e+00   1.2616809e+01
   3.9400000e+00   1.2632839e+01
   3.9600000e+00   1.2648677e+01
   3.9800000e+00   1.2664327e+01
   4.0000000e+00   1.2679791e+01
   4.0200000e+00   1.2695071e+01
   4.0400000e+00   1.2710168e+01
   4.0600000e+00   1.2725086e+01
   4.0800000e+00   1.2739826e+01
   4.1000000e+00   1.2754391e+01
   4.1200000e+00   1.2768782e+01
   4.1400000e+00   1.2783001e+01
   4.1600000e+00   1.2797051e+01
   4.1800000e+00   1.2810934e+01
   4.2000000e+00   1.2824652e+01
   4.2200000e+00   1.2838206e+01
   4.2400000e+00   1.2851599e+01
   4.2600000e+00   1.2864832e+01
   4.2800000e+00   1.2877908e+01
   4.3000000e+00   1.2890827e+01
   4.3200000e+00   1.2903593e+01
   4.3400000e+00   1.2916207e+01
   4.3600000e+00   1.2928671e+01
   4.3800000e+00   1.2940986e+01
   4.4000000e+00   1.2953155e+01
   4.4200000e+00   1.2965178e+01
   4.4400000e+00   1.2977059e+01
   4.4600000e+00   1.2988798e+01
   4.4800000e+00   1.3000397e+01
   4.5000000e+00   1.3011858e+01
   4.5200000e+00   1.3023182e+01
   4.5400000e+00   1.3034372e+01
   4.5600000e+00   1.3045428e+01
   4.5800000e+00   1.3056352e+01
   4.6000000e+00   1.3067147e+01
   4.6200000e+00   1.3077813e+01
   4.6400000e+00   1.3088352e+01
   4.6600000e+00   1.3098765e+01
   4.6800000e+00   1.3109054e+01
   4.7000000e+00   1.3119221e+01
   4.7200000e+00   1.3129267e+01
   4.7400000e+00   1.3139193e+01
   4.7600000e+00   1.3149000e+01
   4.7800000e+00   1.3158691e+01
   4.8000000e+00   1.3168267e+01
   4.8200000e+00   1.3177728e+01
   4.8400000e+00   1.3187077e+01
   4.8600000e+00   1.3196314e+01
   4.8800000e+00   1.3205442e+01
   4.9000000e+00   1.3214460e+01
   4.9200000e+00   1.3223372e+01
   4.9400000e+00   1.3232177e+01
   4.9600000e+00   1.3240877e+01
   4.9800000e+00   1.3249474e+01
   5.0000000e+00   1.3257968e+01
   5.0200000e+00   1.3266361e+01
   5.0400000e+00   1.3274654e+01
   5.0600000e+00   1.3282848e+01
   5.0800000e+00   1.3290945e+01
   5.1000000e+00   1.3298945e+01
   5.1200000e+00   1.3306850e+01
   5.1400000e+00   1.3314661e+01
   5.1600000e+00   1.3322379e+01
   5.1800000e+00   1.3330005e+01
   5.2000000e+00   1.3337540e+01
   5.2200000e+00   1.3344985e+01
   5.2400000e+00   1.3352342e+01
   5.2600000e+00   1.3359611e+01
   5.2800000e+00   1.3366793e+01
   5.3000000e+00   1.3373890e+01
   5.3200000e+00   1.3380903e+01
   5.3400000e+00   1.3387831e+01
   5.3600000e+00   1.3394678e+01
   5.3800000e+00   1.3401443e+01
   5.4000000e+00   1.3408127e+01
   5.4200000e+00   1.3414731e+01
   5.4400000e+00   1.3421257e+01
   5.4600000e+00   1.3427705e+01
   5.4800000e+00   1.3434077e+01
   5.5000000e+00   1.3440372e+01
   5.5200000e+00   1.3446593e+01
   5.5400000e+00   1.3452739e+01
   5.5600000e+00   1.3458812e+01
   5.5800000e+00   1.3464813e+01
   5.6000000e+00   1.3470743e+01
   5.6200000e+00   1.3476601e+01
   5.6400000e+00   1.3482390e+01
   5.6600000e+00   1.3488110e+01
   5.6800000e+00   1.3493762e+01
   5.7000000e+00   1.3499347e+01
   5.7200000e+00   1.3504865e+01
   5.7400000e+00   1.3510317e+01
   5.7600000e+00   1.3515705e+01
   5.7800000e+00   1.3521028e+01
   5.8000000e+00   1.3526288e+01
   5.8200000e+00   1.3531485e+01
   5.8400000e+00   1.3536620e+01
   5.8600000e+00   1.3541694e+01
   5.8800000e+00   1.3546708e+01
   5.9000000e+00   1.3551662e+01
   5.9200000e+00   1.3556557e+01
   5.9400000e+00   1.3561394e+01
   5.9600000e+00   1.3566173e+01
   5.9800000e+00   1.3570895e+01
   6.0000000e+00   1.3575561e+01
   6.0200000e+00   1.3580171e+01
   6.0400000e+00   1.3584726e+01
   6.0600000e+00   1.3589228e+01
   6.0800000e+00   1.3593675e+01
   6.1000000e+00   1.3598070e+01
   6.1200000e+00   1.3602412e+01
   6.1400000e+00   1.3606702e+01
   6.1600000e+00   1.3610942e+01
   6.1800000e+00   1.3615131e+01
   6.2000000e+00   1.3619270e+01
   6.2200000e+00   1.3623359e+01
   6.2400000e+00   1.3627400e+01
   6.2600000e+00   1.3631393e+01
   6.2800000e+00   1.3635339e+01
   6.3000000e+00   1.3639237e+01
   6.3200000e+00   1.3643089e+01
   6.3400000e+00   1.3646895e+01
   6.3600000e+00   1.3650655e+01
   6.3800000e+00   1.3654371e+01
   6.4000000e+00   1.3658043e+01
   6.4200000e+00   1.3661671e+01
   6.4400000e+00   1.3665256e+01
   6.4600000e+00   1.3668798e+01
   6.4800000e+00   1.3672297e+01
   6.5000000e+00   1.3675755e+01
   6.5200000e+00   1.3679172e+01
   6.5400000e+00   1.3682549e+01
   6.5600000e+00   1.3685885e+01
   6.5800000e+00   1.3689181e+01
   6.6000000e+00   1.3692438e+01
   6.6200000e+00   1.3695656e+01
   6.6400000e+00   1.3698836e+01
   6.6600000e+00   1.3701978e+01
   6.6800000e+00   1.3705083e+01
   6.7000000e+00   1.3708150e+01
   6.7200000e+00   1.3711181e+01
   6.7400000e+00   1.3714176e+01
   6.7600000e+00   1.3717136e+01
   6.7800000e+00   1.3720060e+01
   6.8000000e+00   1.3722949e+01
   6.8200000e+00   1.3725804e+01
   6.8400000e+00   1.3728625e+01
   6.8600000e+00   1.3731412e+01
   6.8800000e+00   1.3734166e+01
   6.9000000e+00   1.3736887e+01
   6.9200000e+00   1.3739576e+01
   6.9400000e+00   1.3742233e+01
   6.9600000e+00   1.3744858e+01
   6.9800000e+00   1.3747452e+01
   7.0000000e+00   1.3750015e+01
   7.0200000e+00   1.3752547e+01
   7.0400000e+00   1.3755049e+01
   7.0600000e+00   1.3757522e+01
   7.0800000e+00   1.3759965e+01
   7.1000000e+00   1.3762379e+01
   7.1200000e+00   1.3764764e+01
   7.1400000e+00   1.3767121e+01
   7.1600000e+00   1.3769449e+01
   7.1800000e+00   1.3771750e+01
   7.2000000e+00   1.3774024e+01
   7.2200000e+00   1.3776270e+01
   7.2400000e+00   1.3778490e+01
   7.2600000e+00   1.3780683e+01
   7.2800000e+00   1.3782851e+01
   7.3000000e+00   1.3784992e+01
   7.3200000e+00   1.3787108e+01
   7.3400000e+00   1.3789198e+01
   7.3600000e+00   1.3791264e+01
   7.3800000e+00   1.3793305e+01
   7.4000000e+00   1.3795322e+01
   7.4200000e+00   1.3797315e+01
   7.4400000e+00   1.3799284e+01
   7.4600000e+00   1.3801230e+01
   7.4800000e+00   1.3803152e+01
   7.5000000e+00   1.3805052e+01
   7.5200000e+00   1.3806928e+01
   7.5400000e+00   1.3808783e+01
   7.5600000e+00   1.3810615e+01
   7.5800000e+00   1.3812426e+01
   7.6000000e+00   1.3814215e+01
   7.6200000e+00   1.3815983e+01
   7.6400000e+00   1.3817730e+01
   7.6600000e+00   1.3819456e+01
   7.6800000e+00   1.3821161e+01
   7.7000000e+00   1.3822846e+01
   7.7200000e+00   1.3824511e+01
   7.7400000e+00   1.3826156e+01
   7.7600000e+00   1.3827782e+01
   7.7800000e+00   1.3829388e+01
   7.8000000e+00   1.3830975e+01
   7.8200000e+00   1.3832543e+01
   7.8400000e+00   1.3834093e+01
   7.8600000e+00   1.3835624e+01
   7.8800000e+00   1.3837136e+01
   7.9000000e+00   1.3838631e+01
   7.9200000e+00   1.3840108e+01
   7.9400000e+00   1.3841567e+01
   7.9600000e+00   1.3843009e+01
   7.9800000e+00   1.3844434e+01
   8.0000000e+00   1.3845842e+01
   8.0200000e+00   1.3847233e+01
   8.0400000e+00   1.3848608e+01
   8.0600000e+00   1.3849966e+01
   8.0800000e+00   1.3851308e+01
   8.1000000e+00   1.3852634e+01
   8.1200000e+00   1.3853944e+01
   8.1400000e+00   1.3855238e+01
   8.1600000e+00   1.3856518e+01
   8.1800000e+00   1.3857782e+01
   8.2000000e+00   1.3859030e+01
   8.2200000e+00   1.3860264e+01
   8.2400000e+00   1.3861484e+01
   8.2600000e+00   1.3862688e+01
   8.2800000e+00   1.3863879e+01
   8.3000000e+00   1.3865055e+01
   8.3200000e+00   1.3866217e+01
   8.3400000e+00   1.3867366e+01
   8.3600000e+00   1.3868500e+01
   8.3800000e+00   1.3869622e+01
   8.4000000e+00   1.3870729e+01
   8.4200000e+00   1.3871824e+01
   8.4400000e+00   1.3872906e+01
   8.4600000e+00   1.3873974e+01
   8.4800000e+00   1.3875030e+01
   8.5000000e+00   1.3876074e+01
   8.5200000e+00   1.3877105e+01
   8.5400000e+00   1.3878124e+01
   8.5600000e+00   1.3879130e+01
   8.5800000e+00   1.3880125e+01
   8.6000000e+00   1.3881108e+01
   8.6200000e+00   1.3882079e+01
   8.6400000e+00   1.3883038e+01
   8.6600000e+00   1.3883986e+01
   8.6800000e+00   1.3884923e+01
   8.7000000e+00   1.3885848e+01
   8.7200000e+00   1.3886763e+01
   8.7400000e+00   1.3887667e+01
   8.7600000e+00   1.3888560e+01
   8.7800000e+00   1.3889442e+01
   8.8000000e+00   1.3890314e+01
   8.8200000e+00   1.3891175e+01
   8.8400000e+00   1.3892026e+01
   8.8600000e+00   1.3892867e+01
   8.8800000e+00   1.3893698e+01
   8.9000000e+00   1.3894519e+01
   8.9200000e+00   1.3895330e+01
   8.9400000e+00   1.3896132e+01
   8.9600000e+00   1.3896924e+01
   8.9800000e+00   1.3897707e+01
   9.0000000e+00   1.3898480e+01
   9.0200000e+00   1.3899244e+01
   9.0400000e+00   1.3899999e+01
   9.0600000e+00   1.3900745e+01
   9.0800000e+00   1.3901482e+01
   9.1000000e+00   1.3902211e+01
   9.1200000e+00   1.3902930e+01
   9.1400000e+00   1.3903642e+01
   9.1600000e+00   1.3904344e+01
   9.1800000e+00   1.3905039e+01
   9.2000000e+00   1.3905725e+01
   9.2200000e+00   1.3906402e+01
   9.2400000e+00   1.3907072e+01
   9.2600000e+00   1.3907734e+01
   9.2800000e+00   1.3908388e+01
   9.3000000e+00   1.3909034e+01
   9.3200000e+00   1.3909672e+01
   9.3400000e+00   1.3910303e+01
   9.3600000e+00   1.3910926e+01
   9.3800000e+00   1.3911542e+01
   9.4000000e+00   1.3912151e+01
   9.4200000e+00   1.3912752e+01
   9.4400000e+00   1.3913346e+01
   9.4600000e+00   1.3913933e+01
   9.4800000e+00   1.3914513e+01
   9.5000000e+00   1.3915087e+01
   9.5200000e+00   1.3915653e+01
   9.5400000e+00   1.3916212e+01
   9.5600000e+00   1.3916765e+01
   9.5800000e+00   1.3917312e+01
   9.6000000e+00   1.3917851e+01
   9.6200000e+00   1.3918385e+01
   9.6400000e+00   1.3918912e+01
   9.6600000e+00   1.3919433e+01
   9.6800000e+00   1.3919947e+01
   9.7000000e+00   1.3920456e+01
   9.7200000e+00   1.3920958e+01
   9.7400000e+00   1.3921454e+01
   9.7600000e+00   1.3921945e+01
   9.7800000e+00   1.3922430e+01
   9.8000000e+00   1.3922908e+01
   9.8200000e+00   1.3923382e+01
   9.8400000e+00   1.3923849e+01
   9.8600000e+00   1.3924311e+01
   9.8800000e+00   1.3924767e+01
   9.9000000e+00   1.3925219e+01
   9.9200000e+00   1.3925664e+01
   9.9400000e+00   1.3926104e+01
   9.9600000e+00   1.3926540e+01
   9.9800000e+00   1.3926969e+01
   1.0000000e+01   1.3927394e+01
   1.0020000e+01   1.3779785e+01
   1.0040000e+01   1.3498766e+01
   1.0060000e+01   1.3184908e+01
   1.0080000e+01   1.2865103e+01
   1.0100000e+01   1.2546514e+01
   1.0120000e+01   1.2231025e+01
   1.0140000e+01   1.1919108e+01
   1.0160000e+01   1.1610857e+01
   1.0180000e+01   1.1306264e+01
   1.0200000e+01   1.1005295e+01
   1.0220000e+01   1.0707910e+01
   1.0240000e+01   1.0414066e+01
   1.0260000e+01   1.0123723e+01
   1.0280000e+01   9.8368377e+00
   1.0300000e+01   9.5533694e+00
   1.0320000e+01   9.2732774e+00
   1.0340000e+01   8.9965215e+00
   1.0360000e+01   8.7230619e+00
   1.0380000e+01   8.4528594e+00
   1.0400000e+01   8.1858753e+00
   1.0420000e+01   7.9220711e+00
   1.0440000e+01   7.6614090e+00
   1.0460000e+01   7.4038515e+00
   1.0480000e+01   7.1493618e+00
   1.0500000e+01   6.8979032e+00
   1.0520000e+01   6.6494396e+00
   1.0540000e+01   6.4039355e+00
   1.0560000e+01   6.1613554e+00
   1.0580000e+01   5.9216647e+00
   1.0600000e+01   5.6848288e+00
   1.0620000e+01   5.4508138e+00
   1.0640000e+01   5.2195861e+00
   1.0660000e+01   4.9911125e+00
   1.0680000e+01   4.7653601e+00
   1.0700000e+01   4.5422967e+00
   1.0720000e+01   4.3218900e+00
   1.0740000e+01   4.1041086e+00
   1.0760000e+01   3.8889211e+00
   1.0780000e+01   3.6762966e+00
   1.0800000e+01   3.4662047e+00
   1.0820000e+01   3.2586150e+00
   1.0840000e+01   3.0534979e+00
   1.0860000e+01   2.8508239e+00
   1.0880000e+01   2.6505639e+00
   1.0900000e+01   2.4526892e+00
   1.0920000e+01   2.2571712e+00
   1.0940000e+01   2.0639820e+00
   1.0960000e+01   1.8730938e+00
   1.0980000e+01   1.6844793e+00
   1.1000000e+01   1.4981112e+00
   1.1020000e+01   1.3139630e+00
   1.1040000e+01   1.1320080e+00
   1.1060000e+01   9.5222033e-01
   1.1080000e+01   7.7457401e-01
   1.1100000e+01   5.9904358e-01
   1.1120000e+01   4.2560384e-01
   1.1140000e+01   2.5422989e-01
   1.1160000e+01   8.4897128e-02
   1.1180000e+01  -8.2418766e-02
   1.1200000e+01  -2.4774181e-01
   1.1220000e+01  -4.1109575e-01
   1.1240000e+01  -5.7250402e-01
   1.1260000e+01  -7.3198981e-01
   1.1280000e+01  -8.8957601e-01
   1.1300000e+01  -1.0452852e+00
   1.1320000e+01  -1.1991399e+00
   1.1340000e+01  -1.3511620e+00
   1.1360000e+01  -1.5013734e+00
   1.1380000e+01  -1.6497957e+00
   1.1400000e+01  -1.7964502e+00
   1.1420000e+01  -1.9413580e+00
   1.1440000e+01  -2.0845397e+00
   1.1460000e+01  -2.2260161e+00
   1.1480000e+01  -2.3658074e+00
   1.1500000e+01  -2.5039337e+00
   1.1520000e+01  -2.6404148e+00
   1.1540000e+01  -2.7752704e+00
   1.1560000e+01  -2.9085197e+00
   1.1580000e+01  -3.0401819e+00
   1.1600000e+01  -3.1702759e+00
   1.1620000e+01  -3.2988204e+00
   1.1640000e+01  -3.4258339e+00
   1.1660000e+01  -3.5513345e+00
   1.1680000e+01  -3.6753404e+00
   1.1700000e+01  -3.7978692e+00
   1.1720000e+01  -3.9189387e+00
   1.1740000e+01  -4.0385661e+00
   1.1760000e+01  -4.1567686e+00
   1.1780000e+01  -4.2735633e+00
   1.1800000e+01  -4.3889669e+00
   1.1820000e+01  -4.5029960e+00
   1.1840000e+01  -4.6156669e+00
   1.1860000e+01  -4.7269958e+00
   1.1880000e+01  -4.8369987e+00
   1.1900000e+01  -4.9456913e+00
   1.1920000e+01  -5.0530894e+00
   1.1940000e+01  -5.1592083e+00
   1.1960000e+01  -5.2640633e+00
   1.1980000e+01  -5.3676693e+00
   1.2000000e+01  -5.4700413e+00
   1.2020000e+01  -5.5711940e+00
   1.2040000e+01  -5.6711419e+00
   1.2060000e+01  -5.7698994e+00
   1.2080000e+01  -5.8674806e+00
   1.2100000e+01  -5.9638995e+00
   1.2120000e+01  -6.0591700e+00
   1.2140000e+01  -6.1533058e+00
   1.2160000e+01  -6.2463203e+00
   1.2180000e+01  -6.3382270e+00
   1.2200000e+01  -6.4290390e+00
   1.2220000e+01  -6.5187694e+00
   1.2240000e+01  -6.6074310e+00
   1.2260000e+01  -6.6950366e+00
   1.2280000e+01  -6.7815987e+00
   1.2300000e+01  -6.8671299e+00
   1.2320000e+01  -6.9516423e+00
   1.2340000e+01  -7.0351481e+00
   1.2360000e+01  -7.1176593e+00
   1.2380000e+01  -7.1991877e+00
   1.2400000e+01  -7.2797451e+00
   1.2420000e+01  -7.3593429e+00
   1.2440000e+01  -7.4379927e+00
   1.2460000e+01  -7.5157058e+00
   1.2480000e+01  -7.5924932e+00
   1.2500000e+01  -7.6683660e+00
   1.2520000e+01  -7.7433351e+00
   1.2540000e+01  -7.8174113e+00
   1.2560000e+01  -7.8906052e+00
   1.2580000e+01  -7.9629273e+00
   1.2600000e+01  -8.0343880e+00
   1.2620000e+01  -8.1049975e+00
   1.2640000e+01  -8.1747661e+00
   1.2660000e+01  -8.2437036e+00
   1.2680000e+01  -8.3118201e+00
   1.2700000e+01  -8.3791252e+00
   1.2720000e+01  -8.4456287e+00
   1.2740000e+01  -8.5113401e+00
   1.2760000e+01  -8.5762688e+00
   1.2780000e+01  -8.6404242e+00
   1.2800000e+01  -8.7038154e+00
   1.2820000e+01  -8.7664516e+00
   1.2840000e+01  -8.8283417e+00
   1.2860000e+01  -8.8894947e+00
   1.2880000e+01  -8.9499194e+00
   1.2900000e+01  -9.0096243e+00
   1.2920000e+01  -9.0686181e+00
   1.2940000e+01  -9.1269092e+00
   1.2960000e+01  -9.1845061e+00
   1.2980000e+01  -9.2414169e+00
   1.3000000e+01  -9.2976499e+00
   1.3020000e+01  -9.3532131e+00
   1.3040000e+01  -9.4081146e+00
   1.3060000e+01  -9.4623621e+00
   1.3080000e+01  -9.5159634e+00
   1.3100000e+01  -9.5689264e+00
   1.3120000e+01  -9.6212585e+00
   1.3140000e+01  -9.6729673e+00
   1.3160000e+01  -9.7240602e+00
   1.3180000e+01  -9.7745446e+00
   1.3200000e+01  -9.8244277e+00
   1.3220000e+01  -9.8737166e+00
   1.3240000e+01  -9.9224185e+00
   1.3260000e+01  -9.9705402e+00
   1.3280000e+01  -1.0018089e+01
   1.3300000e+01  -1.0065071e+01
   1.3320000e+01  -1.0111494e+01
   1.3340000e+01  -1.0157364e+01
   1.3360000e+01  -1.0202687e+01
   1.3380000e+01  -1.0247471e+01
   1.3400000e+01  -1.0291721e+01
   1.3420000e+01  -1.0335444e+01
   1.3440000e+01  -1.0378646e+01
   1.3460000e+01  -1.0421334e+01
   1.3480000e+01  -1.0463513e+01
   1.3500000e+01  -1.0505190e+01
   1.3520000e+01  -1.0546371e+01
   1.3540000e+01  -1.0587061e+01
   1.3560000e+01  -1.0627266e+01
   1.3580000e+01  -1.0666993e+01
   1.3600000e+01  -1.0706246e+01
   1.3620000e+01  -1.0745032e+01
   1.3640000e+01  -1.0783356e+01
   1.3660000e+01  -1.0821224e+01
   1.3680000e+01  -1.0858640e+01
   1.3700000e+01  -1.0895611e+01
   1.3720000e+01  -1.0932141e+01
   1.3740000e+01  -1.0968236e+01
   1.3760000e+01  -1.1003902e+01
   1.3780000e+01  -1.1039142e+01
   1.3800000e+01  -1.1073963e+01
   1.3820000e+01  -1.1108369e+01
   1.3840000e+01  -1.1142366e+01
   1.3860000e+01  -1.1175957e+01
   1.3880000e+01  -1.1209148e+01
   1.3900000e+01  -1.1241944e+01
   1.3920000e+01  -1.1274349e+01
   1.3940000e+01  -1.1306369e+01
   1.3960000e+01  -1.1338007e+01
   1.3980000e+01  -1.1369268e+01
   1.4000000e+01  -1.1400157e+01
   1.4020000e+01  -1.1430678e+01
   1.4040000e+01  -1.1460835e+01
   1.4060000e+01  -1.1490633e+01
   1.4080000e+01  -1.1520076e+01
   1.4100000e+01  -1.1549169e+01
   1.4120000e+01  -1.1577915e+01
   1.4140000e+01  -1.1606319e+01
   1.4160000e+01  -1.1634384e+01
   1.4180000e+01  -1.1662115e+01
   1.4200000e+01  -1.1689516e+01
   1.4220000e+01  -1.1716590e+01
   1.4240000e+01  -1.1743342e+01
   1.4260000e+01  -1.1769776e+01
   1.4280000e+01  -1.1795894e+01
   1.4300000e+01  -1.1821701e+01
   1.4320000e+01  -1.1847201e+01
   1.4340000e+01  -1.1872398e+01
   1.4360000e+01  -1.1897294e+01
   1.4380000e+01  -1.1921893e+01
   1.4400000e+01  -1.1946200e+01
   1.4420000e+01  -1.1970217e+01
   1.4440000e+01  -1.1993948e+01
   1.4460000e+01  -1.2017397e+01
   1.4480000e+01  -1.2040566e+01
   1.4500000e+01  -1.2063459e+01
   1.4520000e+01  -1.2086080e+01
   1.4540000e+01  -1.2108431e+01
   1.4560000e+01  -1.2130515e+01
   1.4580000e+01  -1.2152337e+01
   1.4600000e+01  -1.2173899e+01
   1.4620000e+01  -1.2195204e+01
   1.4640000e+01  -1.2216256e+01
   1.4660000e+01  -1.2237056e+01
   1.4680000e+01  -1.2257609e+01
   1.4700000e+01  -1.2277917e+01
   1.4720000e+01  -1.2297983e+01
   1.4740000e+01  -1.2317810e+01
   1.4760000e+01  -1.2337401e+01
   1.4780000e+01  -1.2356759e+01
   1.4800000e+01  -1.2375886e+01
   1.4820000e+01  -1.2394785e+01
   1.4840000e+01  -1.2413460e+01
   1.4860000e+01  -1.2431911e+01
   1.4880000e+01  -1.2450143e+01
   1.4900000e+01  -1.2468158e+01
   1.4920000e+01  -1.2485958e+01
   1.4940000e+01  -1.2503547e+01
   1.4960000e+01  -1.2520925e+01
   1.4980000e+01  -1.2538097e+01
   1.5000000e+01  -1.2555064e+01
   1.5020000e+01  -1.2571829e+01
   1.5040000e+01  -1.2588395e+01
   1.5060000e+01  -1.2604763e+01
   1.5080000e+01  -1.2620936e+01
   1.5100000e+01  -1.2636917e+01
   1.5120000e+01  -1.2652707e+01
   1.5140000e+01  -1.2668309e+01
   1.5160000e+01  -1.2683725e+01
   1.5180000e+01  -1.2698958e+01
   1.5200000e+01  -1.2714009e+01
   1.5220000e+01  -1.2728881e+01
   1.5240000e+01  -1.2743576e+01
   1.5260000e+01  -1.2758096e+01
   1.5280000e+01  -1.2772443e+01
   1.5300000e+01  -1.2786619e+01
   1.5320000e+01  -1.2800626e+01
   1.5340000e+01  -1.2814466e+01
   1.5360000e+01  -1.2828142e+01
   1.5380000e+01  -1.2841655e+01
   1.5400000e+01  -1.2855006e+01
   1.5420000e+01  -1.2868199e+01
   1.5440000e+01  -1.2881234e+01
   1.5460000e+01  -1.2894115e+01
   1.5480000e+01  -1.2906841e+01
   1.5500000e+01  -1.2919417e+01
   1.5520000e+01  -1.2931842e+01
   1.5540000e+01  -1.2944119e+01
   1.5560000e+01  -1.2956251e+01
   1.5580000e+01  -1.2968237e+01
   1.5600000e+01  -1.2980081e+01
   1.5620000e+01  -1.2991784e+01
   1.5640000e+01  -1.3003348e+01
   1.5660000e+01  -1.3014774e+01
   1.5680000e+01  -1.3026063e+01
   1.5700000e+01  -1.3037218e+01
   1.5720000e+01  -1.3048241e+01
   1.5740000e+01  -1.3059132e+01
   1.5760000e+01  -1.3069893e+01
   1.5780000e+01  -1.3080526e+01
   1.5800000e+01  -1.3091033e+01
   1.5820000e+01  -1.3101414e+01
   1.5840000e+01  -1.3111672e+01
   1.5860000e+01  -1.3121807e+01
   1.5880000e+01  -1.3131822e+01
   1.5900000e+01  -1.3141718e+01
   1.5920000e+01  -1.3151496e+01
   1.5940000e+01  -1.3161157e+01
   1.5960000e+01  -1.3170703e+01
   1.5980000e+01  -1.3180135e+01
   1.6000000e+01  -1.3189455e+01
   1.6020000e+01  -1.3198665e+01
   1.6040000e+01  -1.3207764e+01
   1.6060000e+01  -1.3216755e+01
   1.6080000e+01  -1.3225639e+01
   1.6100000e+01  -1.3234417e+01
   1.6120000e+01  -1.3243091e+01
   1.6140000e+01  -1.3251661e+01
   1.6160000e+01  -1.3260129e+01
   1.6180000e+01  -1.3268496e+01
   1.6200000e+01  -1.3276764e+01
   1.6220000e+01  -1.3284933e+01
   1.6240000e+01  -1.3293005e+01
   1.6260000e+01  -1.3300981e+01
   1.6280000e+01  -1.3308862e+01
   1.6300000e+01  -1.3316649e+01
   1.6320000e+01  -1.3324343e+01
   1.6340000e+01  -1.3331945e+01
   1.6360000e+01  -1.3339457e+01
   1.6380000e+01  -1.3346880e+01
   1.6400000e+01  -1.3354214e+01
   1.6420000e+01  -1.3361460e+01
   1.6440000e+01  -1.3368621e+01
   1.6460000e+01  -1.3375696e+01
   1.6480000e+01  -1.3382687e+01
   1.6500000e+01  -1.3389594e+01
   1.6520000e+01  -1.3396420e+01
   1.6540000e+01  -1.3403164e+01
   1.6560000e+01  -1.3409827e+01
   1.6580000e+01  -1.3416412e+01
   1.6600000e+01  -1.3422918e+01
   1.6620000e+01  -1.3429346e+01
   1.6640000e+01  -1.3435698e+01
   1.6660000e+01  -1.3441974e+01
   1.6680000e+01  -1.3448175e+01
   1.6700000e+01  -1.3454303e+01
   1.6720000e+01  -1.3460357e+01
   1.6740000e+01  -1.3466340e+01
   1.6760000e+01  -1.3472251e+01
   1.6780000e+01  -1.3478092e+01
   1.6800000e+01  -1.3483863e+01
   1.6820000e+01  -1.3489566e+01
   1.6840000e+01  -1.3495200e+01
   1.6860000e+01  -1.3500768e+01
   1.6880000e+01  -1.3506269e+01
   1.6900000e+01  -1.3511704e+01
   1.6920000e+01  -1.3517075e+01
   1.6940000e+01  -1.3522382e+01
   1.6960000e+01  -1.3527626e+01
   1.6980000e+01  -1.3532807e+01
   1.7000000e+01  -1.3537927e+01
   1.7020000e+01  -1.3542985e+01
   1.7040000e+01  -1.3547984e+01
   1.7060000e+01  -1.3552922e+01
   1.7080000e+01  -1.3557802e+01
   1.7100000e+01  -1.3562624e+01
   1.7120000e+01  -1.3567389e+01
   1.7140000e+01  -1.3572096e+01
   1.7160000e+01  -1.3576748e+01
   1.7180000e+01  -1.3581344e+01
   1.7200000e+01  -1.3585885e+01
   1.7220000e+01  -1.3590373e+01
   1.7240000e+01  -1.3594807e+01
   1.7260000e+01  -1.3599188e+01
   1.7280000e+01  -1.3603517e+01
   1.7300000e+01  -1.3607794e+01
   1.7320000e+01  -1.3612020e+01
   1.7340000e+01  -1.3616196e+01
   1.7360000e+01  -1.3620323e+01
   1.7380000e+01  -1.3624400e+01
   1.7400000e+01  -1.3628429e+01
   1.7420000e+01  -1.3632409e+01
   1.7440000e+01  -1.3636342e+01
   1.7460000e+01  -1.3640229e+01
   1.7480000e+01  -1.3644069e+01
   1.7500000e+01  -1.3647863e+01
   1.7520000e+01  -1.3651612e+01
   1.7540000e+01  -1.3655317e+01
   1.7560000e+01  -1.3658977e+01
   1.7580000e+01  -1.3662594e+01
   1.7600000e+01  -1.3666168e+01
   1.7620000e+01  -1.3669699e+01
   1.7640000e+01  -1.3673188e+01
   1.7660000e+01  -1.3676635e+01
   1.7680000e+01  -1.3680042e+01
   1.7700000e+01  -1.3683408e+01
   1.7720000e+01  -1.3686733e+01
   1.7740000e+01  -1.3690020e+01
   1.7760000e+01  -1.3693267e+01
   1.7780000e+01  -1.3696475e+01
   1.7800000e+01  -1.3699645e+01
   1.7820000e+01  -1.3702777e+01
   1.7840000e+01  -1.3705872e+01
   1.7860000e+01  -1.3708931e+01
   1.7880000e+01  -1.3711952e+01
   1.7900000e+01  -1.3714938e+01
   1.7920000e+01  -1.3717889e+01
   1.7940000e+01  -1.3720804e+01
   1.7960000e+01  -1.3723684e+01
   1.7980000e+01  -1.3726530e+01
   1.8000000e+01  -1.3729342e+01
   1.8020000e+01  -1.3732121e+01
   1.8040000e+01  -1.3734866e+01
   1.8060000e+01  -1.3737579e+01
   1.8080000e+01  -1.3740260e+01
   1.8100000e+01  -1.3742908e+01
   1.8120000e+01  -1.3745526e+01
   1.8140000e+01  -1.3748111e+01
   1.8160000e+01  -1.3750667e+01
   1.8180000e+01  -1.3753191e+01
   1.8200000e+01  -1.3755686e+01
   1.8220000e+01  -1.3758151e+01
   1.8240000e+01  -1.3760586e+01
   1.8260000e+01  -1.3762993e+01
   1.8280000e+01  -1.3765371e+01
   1.8300000e+01  -1.3767720e+01
   1.8320000e+01  -1.3770042e+01
   1.8340000e+01  -1.3772336e+01
   1.8360000e+01  -1.3774602e+01
   1.8380000e+01  -1.3776842e+01
   1.8400000e+01  -1.3779055e+01
   1.8420000e+01  -1.3781241e+01
   1.8440000e+01  -1.3783402e+01
   1.8460000e+01  -1.3785537e+01
   1.8480000e+01  -1.3787646e+01
   1.8500000e+01  -1.3789730e+01
   1.8520000e+01  -1.3791790e+01
   1.8540000e+01  -1.3793825e+01
   1.8560000e+01  -1.3795835e+01
   1.8580000e+01  -1.3797822e+01
   1.8600000e+01  -1.3799785e+01
   1.8620000e+01  -1.3801725e+01
   1.8640000e+01  -1.3803641e+01
   1.8660000e+01  -1.3805535e+01
   1.8680000e+01  -1.3807406e+01
   1.8700000e+01  -1.3809255e+01
   1.8720000e+01  -1.3811082e+01
   1.8740000e+01  -1.3812887e+01
   1.8760000e+01  -1.3814670e+01
   1.8780000e+01  -1.3816433e+01
   1.8800000e+01  -1.3818174e+01
   1.8820000e+01  -1.3819895e+01
   1.8840000e+01  -1.3821595e+01
   1.8860000e+01  -1.3823275e+01
   1.8880000e+01  -1.3824935e+01
   1.8900000e+01  -1.3826575e+01
   1.8920000e+01  -1.3828195e+01
   1.8940000e+01  -1.3829796e+01
   1.8960000e+01  -1.3831379e+01
   1.8980000e+01  -1.3832942e+01
   1.9000000e+01  -1.3834487e+01
   1.9020000e+01  -1.3836013e+01
   1.9040000e+01  -1.3837521e+01
   1.9060000e+01  -1.3839011e+01
   1.9080000e+01  -1.3840484e+01
   1.9100000e+01  -1.3841939e+01
   1.9120000e+01  -1.3843376e+01
   1.9140000e+01  -1.3844797e+01
   1.9160000e+01  -1.3846200e+01
   1.9180000e+01  -1.3847587e+01
   1.9200000e+01  -1.3848957e+01
   1.9220000e+01  -1.3850311e+01
   1.9240000e+01  -1.3851649e+01
   1.9260000e+01  -1.3852971e+01
   1.9280000e+01  -1.3854277e+01
   1.9300000e+01  -1.3855568e+01
   1.9320000e+01  -1.3856843e+01
   1.9340000e+01  -1.3858103e+01
   1.9360000e+01  -1.3859348e+01
   1.9380000e+01  -1.3860578e+01
   1.9400000e+01  -1.3861794e+01
   1.9420000e+01  -1.3862995e+01
   1.9440000e+01  -1.3864182e+01
   1.9460000e+01  -1.3865354e+01
   1.9480000e+01  -1.3866513e+01
   1.9500000e+01  -1.3867658e+01
   1.9520000e+01  -1.3868789e+01
   1.9540000e+01  -1.3869907e+01
   1.9560000e+01  -1.3871011e+01
   1.9580000e+01  -1.3872103e+01
   1.9600000e+01  -1.3873181e+01
   1.9620000e+01  -1.3874246e+01
   1.9640000e+01  -1.3875299e+01
   1.9660000e+01  -1.3876339e+01
   1.9680000e+01  -1.3877367e+01
   1.9700000e+01  -1.3878383e+01
   1.9720000e+01  -1.3879386e+01
   1.9740000e+01  -1.3880378e+01
   1.9760000e+01  -1.3881358e+01
   1.9780000e+01  -1.3882326e+01
   1.9800000e+01  -1.3883282e+01
   1.9820000e+01  -1.3884227e+01
   1.9840000e+01  -1.3885161e+01
   1.9860000e+01  -1.3886084e+01
   1.9880000e+01  -1.3886996e+01
   1.9900000e+01  -1.3887897e+01
   1.9920000e+01  -1.3888787e+01
   1.9940000e+01  -1.3889666e+01
   1.9960000e+01  -1.3890535e+01
   1.9980000e+01  -1.3891394e+01
   2.0000000e+01  -1.3892243e+01
