   0.0000000e+00   0.0000000e+00
   1.5015015e-03   1.2917233e-02
   3.0030030e-03   2.3858962e-02
   4.5045045e-03   3.3126288e-02
   6.0060060e-03   4.0974415e-02
   7.5075075e-03   4.7619656e-02
   9.0090090e-03   5.3245351e-02
   1.0510511e-02   5.8006897e-02
   1.2012012e-02   6.2036007e-02
   1.3513514e-02   6.5444318e-02
   1.5015015e-02   6.8326453e-02
   1.6516517e-02   7.0762612e-02
   1.8018018e-02   7.2820772e-02
   1.9519520e-02   7.4558550e-02
   2.1021021e-02   7.6024779e-02
   2.2522523e-02   7.7260851e-02
   2.4024024e-02   7.8301850e-02
   2.5525526e-02   7.9177511e-02
   2.7027027e-02   7.9913037e-02
   2.8528529e-02   8.0529790e-02
   3.0030030e-02   8.1045878e-02
   3.1531532e-02   8.1476645e-02
   3.3033033e-02   8.1835101e-02
   3.4534535e-02   8.2132269e-02
   3.6036036e-02   8.2377495e-02
   3.7537538e-02   8.2578699e-02
   3.9039039e-02   8.2742594e-02
   4.0540541e-02   8.2874870e-02
   4.2042042e-02   8.2980350e-02
   4.3543544e-02   8.3063122e-02
   4.5045045e-02   8.3126649e-02
   4.6546547e-02   8.3173870e-02
   4.8048048e-02   8.3207272e-02
   4.9549550e-02   8.3228966e-02
   5.1051051e-02   8.3240739e-02
   5.2552553e-02   8.3244108e-02
   5.4054054e-02   8.3240356e-02
   5.5555556e-02   8.3230573e-02
   5.7057057e-02   8.3215681e-02
   5.8558559e-02   8.3196462e-02
   6.0060060e-02   8.3173581e-02
   6.1561562e-02   8.3147597e-02
   6.3063063e-02   8.3118989e-02
   6.4564565e-02   8.3088158e-02
   6.6066066e-02   8.3055449e-02
   6.7567568e-02   8.3021149e-02
   6.9069069e-02   8.2985506e-02
   7.0570571e-02   8.2948728e-02
   7.2072072e-02   8.2910991e-02
   7.3573574e-02   8.2872445e-02
   7.5075075e-02   8.2833217e-02
   7.6576577e-02   8.2793413e-02
   7.8078078e-02   8.2753127e-02
   7.9579580e-02   8.2712434e-02
   8.1081081e-02   8.2671399e-02
   8.2582583e-02   8.2630080e-02
   8.4084084e-02   8.2588522e-02
   8.5585586e-02   8.2546766e-02
   8.7087087e-02   8.2504844e-02
   8.8588589e-02   8.2462787e-02
   9.0090090e-02   8.2420618e-02
   9.1591592e-02   8.2378357e-02
   9.3093093e-02   8.2336022e-02
   9.4594595e-02   8.2293629e-02
   9.6096096e-02   8.2251189e-02
   9.7597598e-02   8.2208712e-02
   9.9099099e-02   8.2166209e-02
   1.0060060e-01   8.2123686e-02
   1.0210210e-01   8.2081151e-02
   1.0360360e-01   8.2038607e-02
   1.0510511e-01   8.1996061e-02
   1.0660661e-01   8.1953517e-02
   1.0810811e-01   8.1910976e-02
   1.0960961e-01   8.1868443e-02
   1.1111111e-01   8.1825919e-02
   1.1261261e-01   8.1783407e-02
   1.1411411e-01   8.1740908e-02
   1.1561562e-01   8.1698424e-02
   1.1711712e-01   8.1655956e-02
   1.1861862e-01   8.1613506e-02
   1.2012012e-01   8.1571073e-02
   1.2162162e-01   8.1528658e-02
   1.2312312e-01   8.1486263e-02
   1.2462462e-01   8.1443888e-02
   1.2612613e-01   8.1401533e-02
   1.2762763e-01   8.1359199e-02
   1.2912913e-01   8.1316885e-02
   1.3063063e-01   8.1274593e-02
   1.3213213e-01   8.1232322e-02
   1.3363363e-01   8.1190073e-02
   1.3513514e-01   8.1147846e-02
   1.3663664e-01   8.1105641e-02
   1.3813814e-01   8.1063457e-02
   1.3963964e-01   8.1021296e-02
   1.4114114e-01   8.0979157e-02
   1.4264264e-01   8.0937040e-02
   1.4414414e-01   8.0894946e-02
   1.4564565e-01   8.0852874e-02
   1.4714715e-01   8.0810824e-02
   1.4864865e-01   8.0768797e-02
   1.5015015e-01   8.0726792e-02
   1.5165165e-01   8.0684809e-02
   1.5315315e-01   8.0642849e-02
   1.5465465e-01   8.0600912e-02
   1.5615616e-01   8.0558997e-02
   1.5765766e-01   8.0517104e-02
   1.5915916e-01   8.0475234e-02
   1.6066066e-01   8.0433387e-02
   1.6216216e-01   8.0391562e-02
   1.6366366e-01   8.0349759e-02
   1.6516517e-01   8.0307979e-02
   1.6666667e-01   8.0266221e-02
   1.6816817e-01   8.0224486e-02
   1.6966967e-01   8.0182773e-02
   1.7117117e-01   8.0141083e-02
   1.7267267e-01   8.0099415e-02
   1.7417417e-01   8.0057769e-02
   1.7567568e-01   8.0016146e-02
   1.7717718e-01   7.9974545e-02
   1.7867868e-01   7.9932967e-02
   1.8018018e-01   7.9891411e-02
   1.8168168e-01   7.9849877e-02
   1.8318318e-01   7.9808365e-02
   1.8468468e-01   7.9766876e-02
   1.8618619e-01   7.9725410e-02
   1.8768769e-01   7.9683965e-02
   1.8918919e-01   7.9642543e-02
   1.9069069e-01   7.9601143e-02
   1.9219219e-01   7.9559766e-02
   1.9369369e-01   7.9518411e-02
   1.9519520e-01   7.9477077e-02
   1.9669670e-01   7.9435767e-02
   1.9819820e-01   7.9394478e-02
   1.9969970e-01   7.9353212e-02
   2.0120120e-01   7.9311968e-02
   2.0270270e-01   7.9270746e-02
   2.0420420e-01   7.9229546e-02
   2.0570571e-01   7.9188368e-02
   2.0720721e-01   7.9147213e-02
   2.0870871e-01   7.9106080e-02
   2.1021021e-01   7.9064968e-02
   2.1171171e-01   7.9023879e-02
   2.1321321e-01   7.8982812e-02
   2.1471471e-01   7.8941768e-02
   2.1621622e-01   7.8900745e-02
   2.1771772e-01   7.8859744e-02
   2.1921922e-01   7.8818766e-02
   2.2072072e-01   7.8777809e-02
   2.2222222e-01   7.8736875e-02
   2.2372372e-01   7.8695962e-02
   2.2522523e-01   7.8655072e-02
   2.2672673e-01   7.8614203e-02
   2.2822823e-01   7.8573357e-02
   2.2972973e-01   7.8532532e-02
   2.3123123e-01   7.8491729e-02
   2.3273273e-01   7.8450949e-02
   2.3423423e-01   7.8410190e-02
   2.3573574e-01   7.8369454e-02
   2.3723724e-01   7.8328739e-02
   2.3873874e-01   7.8288046e-02
   2.4024024e-01   7.8247375e-02
   2.4174174e-01   7.8206726e-02
   2.4324324e-01   7.8166099e-02
   2.4474474e-01   7.8125493e-02
   2.4624625e-01   7.8084910e-02
   2.4774775e-01   7.8044348e-02
   2.4924925e-01   7.8003808e-02
   2.5075075e-01   7.7963290e-02
   2.5225225e-01   7.7922794e-02
   2.5375375e-01   7.7882319e-02
   2.5525526e-01   7.7841867e-02
   2.5675676e-01   7.7801436e-02
   2.5825826e-01   7.7761027e-02
   2.5975976e-01   7.7720639e-02
   2.6126126e-01   7.7680274e-02
   2.6276276e-01   7.7639930e-02
   2.6426426e-01   7.7599607e-02
   2.6576577e-01   7.7559307e-02
   2.6726727e-01   7.7519028e-02
   2.6876877e-01   7.7478771e-02
   2.7027027e-01   7.7438535e-02
   2.7177177e-01   7.7398321e-02
   2.7327327e-01   7.7358129e-02
   2.7477477e-01   7.7317958e-02
   2.7627628e-01   7.7277809e-02
   2.7777778e-01   7.7237682e-02
   2.7927928e-01   7.7197576e-02
   2.8078078e-01   7.7157492e-02
   2.8228228e-01   7.7117429e-02
   2.8378378e-01   7.7077388e-02
   2.8528529e-01   7.7037369e-02
   2.8678679e-01   7.6997371e-02
   2.8828829e-01   7.6957394e-02
   2.8978979e-01   7.6917439e-02
   2.9129129e-01   7.6877506e-02
   2.9279279e-01   7.6837594e-02
   2.9429429e-01   7.6797703e-02
   2.9579580e-01   7.6757834e-02
   2.9729730e-01   7.6717987e-02
   2.9879880e-01   7.6678160e-02
   3.0030030e-01   7.6638356e-02
   3.0180180e-01   7.6598572e-02
   3.0330330e-01   7.6558811e-02
   3.0480480e-01   7.6519070e-02
   3.0630631e-01   7.6479351e-02
   3.0780781e-01   7.6439653e-02
   3.0930931e-01   7.6399977e-02
   3.1081081e-01   7.6360322e-02
   3.1231231e-01   7.6320688e-02
   3.1381381e-01   7.6281076e-02
   3.1531532e-01   7.6241485e-02
   3.1681682e-01   7.6201915e-02
   3.1831832e-01   7.6162366e-02
   3.1981982e-01   7.6122839e-02
   3.2132132e-01   7.6083333e-02
   3.2282282e-01   7.6043849e-02
   3.2432432e-01   7.6004385e-02
   3.2582583e-01   7.5964943e-02
   3.2732733e-01   7.5925522e-02
   3.2882883e-01   7.5886122e-02
   3.3033033e-01   7.5846744e-02
   3.3183183e-01   7.5807386e-02
   3.3333333e-01   7.5768050e-02
   3.3483483e-01   7.5728735e-02
   3.3633634e-01   7.5689441e-02
   3.3783784e-01   7.5650169e-02
   3.3933934e-01   7.5610917e-02
   3.4084084e-01   7.5571687e-02
   3.4234234e-01   7.5532477e-02
   3.4384384e-01   7.5493289e-02
   3.4534535e-01   7.5454122e-02
   3.4684685e-01   7.5414976e-02
   3.4834835e-01   7.5375851e-02
   3.4984985e-01   7.5336747e-02
   3.5135135e-01   7.5297664e-02
   3.5285285e-01   7.5258602e-02
   3.5435435e-01   7.5219561e-02
   3.5585586e-01   7.5180541e-02
   3.5735736e-01   7.5141542e-02
   3.5885886e-01   7.5102564e-02
   3.6036036e-01   7.5063608e-02
   3.6186186e-01   7.5024672e-02
   3.6336336e-01   7.4985757e-02
   3.6486486e-01   7.4946863e-02
   3.6636637e-01   7.4907989e-02
   3.6786787e-01   7.4869137e-02
   3.6936937e-01   7.4830306e-02
   3.7087087e-01   7.4791495e-02
   3.7237237e-01   7.4752706e-02
   3.7387387e-01   7.4713937e-02
   3.7537538e-01   7.4675189e-02
   3.7687688e-01   7.4636463e-02
   3.7837838e-01   7.4597756e-02
   3.7987988e-01   7.4559071e-02
   3.8138138e-01   7.4520407e-02
   3.8288288e-01   7.4481763e-02
   3.8438438e-01   7.4443140e-02
   3.8588589e-01   7.4404538e-02
   3.8738739e-01   7.4365957e-02
   3.8888889e-01   7.4327396e-02
   3.9039039e-01   7.4288856e-02
   3.9189189e-01   7.4250337e-02
   3.9339339e-01   7.4211839e-02
   3.9489489e-01   7.4173361e-02
   3.9639640e-01   7.4134904e-02
   3.9789790e-01   7.4096468e-02
   3.9939940e-01   7.4058053e-02
   4.0090090e-01   7.4019658e-02
   4.0240240e-01   7.3981284e-02
   4.0390390e-01   7.3942930e-02
   4.0540541e-01   7.3904597e-02
   4.0690691e-01   7.3866285e-02
   4.0840841e-01   7.3827993e-02
   4.0990991e-01   7.3789722e-02
   4.1141141e-01   7.3751471e-02
   4.1291291e-01   7.3713242e-02
   4.1441441e-01   7.3675032e-02
   4.1591592e-01   7.3636843e-02
   4.1741742e-01   7.3598675e-02
   4.1891892e-01   7.3560528e-02
   4.2042042e-01   7.3522400e-02
   4.2192192e-01   7.3484294e-02
   4.2342342e-01   7.3446208e-02
   4.2492492e-01   7.3408142e-02
   4.2642643e-01   7.3370097e-02
   4.2792793e-01   7.3332072e-02
   4.2942943e-01   7.3294068e-02
   4.3093093e-01   7.3256084e-02
   4.3243243e-01   7.3218121e-02
   4.3393393e-01   7.3180178e-02
   4.3543544e-01   7.3142255e-02
   4.3693694e-01   7.3104353e-02
   4.3843844e-01   7.3066471e-02
   4.3993994e-01   7.3028610e-02
   4.4144144e-01   7.2990769e-02
   4.4294294e-01   7.2952949e-02
   4.4444444e-01   7.2915148e-02
   4.4594595e-01   7.2877369e-02
   4.4744745e-01   7.2839609e-02
   4.4894895e-01   7.2801870e-02
   4.5045045e-01   7.2764151e-02
   4.5195195e-01   7.2726452e-02
   4.5345345e-01   7.2688774e-02
   4.5495495e-01   7.2651116e-02
   4.5645646e-01   7.2613478e-02
   4.5795796e-01   7.2575860e-02
   4.5945946e-01   7.2538263e-02
   4.6096096e-01   7.2500686e-02
   4.6246246e-01   7.2463129e-02
   4.6396396e-01   7.2425592e-02
   4.6546547e-01   7.2388076e-02
   4.6696697e-01   7.2350580e-02
   4.6846847e-01   7.2313104e-02
   4.6996997e-01   7.2275648e-02
   4.7147147e-01   7.2238212e-02
   4.7297297e-01   7.2200796e-02
   4.7447447e-01   7.2163401e-02
   4.7597598e-01   7.2126025e-02
   4.7747748e-01   7.2088670e-02
   4.7897898e-01   7.2051335e-02
   4.8048048e-01   7.2014020e-02
   4.8198198e-01   7.1976725e-02
   4.8348348e-01   7.1939450e-02
   4.8498498e-01   7.1902195e-02
   4.8648649e-01   7.1864960e-02
   4.8798799e-01   7.1827745e-02
   4.8948949e-01   7.1790551e-02
   4.9099099e-01   7.1753376e-02
   4.9249249e-01   7.1716221e-02
   4.9399399e-01   7.1679086e-02
   4.9549550e-01   7.1641971e-02
   4.9699700e-01   7.1604877e-02
   4.9849850e-01   7.1567802e-02
   5.0000000e-01   7.1530747e-02
   5.0150150e-01   4.5659246e-02
   5.0300300e-01   2.3738772e-02
   5.0450450e-01   5.1671268e-03
   5.0600601e-01  -1.0566104e-02
   5.0750751e-01  -2.3893541e-02
   5.0900901e-01  -3.5181866e-02
   5.1051051e-01  -4.4741874e-02
   5.1201201e-01  -5.2836989e-02
   5.1351351e-01  -5.9690487e-02
   5.1501502e-01  -6.5491613e-02
   5.1651652e-01  -7.0400767e-02
   5.1801802e-01  -7.4553904e-02
   5.1951952e-01  -7.8066255e-02
   5.2102102e-01  -8.1035491e-02
   5.2252252e-01  -8.3544393e-02
   5.2402402e-01  -8.5663127e-02
   5.2552553e-01  -8.7451166e-02
   5.2702703e-01  -8.8958916e-02
   5.2852853e-01  -9.0229100e-02
   5.3003003e-01  -9.1297933e-02
   5.3153153e-01  -9.2196107e-02
   5.3303303e-01  -9.2949637e-02
   5.3453453e-01  -9.3580573e-02
   5.3603604e-01  -9.4107604e-02
   5.3753754e-01  -9.4546571e-02
   5.3903904e-01  -9.4910901e-02
   5.4054054e-01  -9.5211974e-02
   5.4204204e-01  -9.5459434e-02
   5.4354354e-01  -9.5661458e-02
   5.4504505e-01  -9.5824975e-02
   5.4654655e-01  -9.5955858e-02
   5.4804805e-01  -9.6059084e-02
   5.4954955e-01  -9.6138874e-02
   5.5105105e-01  -9.6198804e-02
   5.5255255e-01  -9.6241904e-02
   5.5405405e-01  -9.6270745e-02
   5.5555556e-01  -9.6287503e-02
   5.5705706e-01  -9.6294024e-02
   5.5855856e-01  -9.6291872e-02
   5.6006006e-01  -9.6282374e-02
   5.6156156e-01  -9.6266654e-02
   5.6306306e-01  -9.6245663e-02
   5.6456456e-01  -9.6220210e-02
   5.6606607e-01  -9.6190978e-02
   5.6756757e-01  -9.6158547e-02
   5.6906907e-01  -9.6123410e-02
   5.7057057e-01  -9.6085983e-02
   5.7207207e-01  -9.6046619e-02
   5.7357357e-01  -9.6005617e-02
   5.7507508e-01  -9.5963231e-02
   5.7657658e-01  -9.5919676e-02
   5.7807808e-01  -9.5875135e-02
   5.7957958e-01  -9.5829762e-02
   5.8108108e-01  -9.5783687e-02
   5.8258258e-01  -9.5737022e-02
   5.8408408e-01  -9.5689861e-02
   5.8558559e-01  -9.5642283e-02
   5.8708709e-01  -9.5594357e-02
   5.8858859e-01  -9.5546139e-02
   5.9009009e-01  -9.5497677e-02
   5.9159159e-01  -9.5449014e-02
   5.9309309e-01  -9.5400184e-02
   5.9459459e-01  -9.5351216e-02
   5.9609610e-01  -9.5302136e-02
   5.9759760e-01  -9.5252964e-02
   5.9909910e-01  -9.5203719e-02
   6.0060060e-01  -9.5154416e-02
   6.0210210e-01  -9.5105068e-02
   6.0360360e-01  -9.5055686e-02
   6.0510511e-01  -9.5006279e-02
   6.0660661e-01  -9.4956854e-02
   6.0810811e-01  -9.4907420e-02
   6.0960961e-01  -9.4857980e-02
   6.1111111e-01  -9.4808541e-02
   6.1261261e-01  -9.4759106e-02
   6.1411411e-01  -9.4709678e-02
   6.1561562e-01  -9.4660261e-02
   6.1711712e-01  -9.4610856e-02
   6.1861862e-01  -9.4561467e-02
   6.2012012e-01  -9.4512094e-02
   6.2162162e-01  -9.4462739e-02
   6.2312312e-01  -9.4413404e-02
   6.2462462e-01  -9.4364090e-02
   6.2612613e-01  -9.4314797e-02
   6.2762763e-01  -9.4265526e-02
   6.2912913e-01  -9.4216278e-02
   6.3063063e-01  -9.4167053e-02
   6.3213213e-01  -9.4117853e-02
   6.3363363e-01  -9.4068676e-02
   6.3513514e-01  -9.4019524e-02
   6.3663664e-01  -9.3970397e-02
   6.3813814e-01  -9.3921295e-02
   6.3963964e-01  -9.3872219e-02
   6.4114114e-01  -9.3823167e-02
   6.4264264e-01  -9.3774142e-02
   6.4414414e-01  -9.3725142e-02
   6.4564565e-01  -9.3676167e-02
   6.4714715e-01  -9.3627219e-02
   6.4864865e-01  -9.3578297e-02
   6.5015015e-01  -9.3529400e-02
   6.5165165e-01  -9.3480530e-02
   6.5315315e-01  -9.3431685e-02
   6.5465465e-01  -9.3382867e-02
   6.5615616e-01  -9.3334074e-02
   6.5765766e-01  -9.3285308e-02
   6.5915916e-01  -9.3236568e-02
   6.6066066e-01  -9.3187854e-02
   6.6216216e-01  -9.3139166e-02
   6.6366366e-01  -9.3090504e-02
   6.6516517e-01  -9.3041869e-02
   6.6666667e-01  -9.2993259e-02
   6.6816817e-01  -9.2944676e-02
   6.6966967e-01  -9.2896118e-02
   6.7117117e-01  -9.2847587e-02
   6.7267267e-01  -9.2799082e-02
   6.7417417e-01  -9.2750603e-02
   6.7567568e-01  -9.2702150e-02
   6.7717718e-01  -9.2653723e-02
   6.7867868e-01  -9.2605322e-02
   6.8018018e-01  -9.2556947e-02
   6.8168168e-01  -9.2508598e-02
   6.8318318e-01  -9.2460275e-02
   6.8468468e-01  -9.2411979e-02
   6.8618619e-01  -9.2363708e-02
   6.8768769e-01  -9.2315463e-02
   6.8918919e-01  -9.2267244e-02
   6.9069069e-01  -9.2219051e-02
   6.9219219e-01  -9.2170884e-02
   6.9369369e-01  -9.2122743e-02
   6.9519520e-01  -9.2074627e-02
   6.9669670e-01  -9.2026538e-02
   6.9819820e-01  -9.1978474e-02
   6.9969970e-01  -9.1930437e-02
   7.0120120e-01  -9.1882425e-02
   7.0270270e-01  -9.1834439e-02
   7.0420420e-01  -9.1786479e-02
   7.0570571e-01  -9.1738544e-02
   7.0720721e-01  -9.1690636e-02
   7.0870871e-01  -9.1642753e-02
   7.1021021e-01  -9.1594896e-02
   7.1171171e-01  -9.1547065e-02
   7.1321321e-01  -9.1499259e-02
   7.1471471e-01  -9.1451480e-02
   7.1621622e-01  -9.1403725e-02
   7.1771772e-01  -9.1355997e-02
   7.1921922e-01  -9.1308294e-02
   7.2072072e-01  -9.1260617e-02
   7.2222222e-01  -9.1212966e-02
   7.2372372e-01  -9.1165340e-02
   7.2522523e-01  -9.1117740e-02
   7.2672673e-01  -9.1070165e-02
   7.2822823e-01  -9.1022617e-02
   7.2972973e-01  -9.0975093e-02
   7.3123123e-01  -9.0927595e-02
   7.3273273e-01  -9.0880123e-02
   7.3423423e-01  -9.0832677e-02
   7.3573574e-01  -9.0785256e-02
   7.3723724e-01  -9.0737860e-02
   7.3873874e-01  -9.0690490e-02
   7.4024024e-01  -9.0643145e-02
   7.4174174e-01  -9.0595826e-02
   7.4324324e-01  -9.0548532e-02
   7.4474474e-01  -9.0501264e-02
   7.4624625e-01  -9.0454021e-02
   7.4774775e-01  -9.0406804e-02
   7.4924925e-01  -9.0359612e-02
   7.5075075e-01  -9.0312445e-02
   7.5225225e-01  -9.0265304e-02
   7.5375375e-01  -9.0218188e-02
   7.5525526e-01  -9.0171098e-02
   7.5675676e-01  -9.0124033e-02
   7.5825826e-01  -9.0076993e-02
   7.5975976e-01  -9.0029979e-02
   7.6126126e-01  -8.9982989e-02
   7.6276276e-01  -8.9936025e-02
   7.6426426e-01  -8.9889087e-02
   7.6576577e-01  -8.9842173e-02
   7.6726727e-01  -8.9795285e-02
   7.6876877e-01  -8.9748422e-02
   7.7027027e-01  -8.9701585e-02
   7.7177177e-01  -8.9654772e-02
   7.7327327e-01  -8.9607985e-02
   7.7477477e-01  -8.9561223e-02
   7.7627628e-01  -8.9514486e-02
   7.7777778e-01  -8.9467774e-02
   7.7927928e-01  -8.9421087e-02
   7.8078078e-01  -8.9374426e-02
   7.8228228e-01  -8.9327789e-02
   7.8378378e-01  -8.9281178e-02
   7.8528529e-01  -8.9234592e-02
   7.8678679e-01  -8.9188030e-02
   7.8828829e-01  -8.9141494e-02
   7.8978979e-01  -8.9094983e-02
   7.9129129e-01  -8.9048497e-02
   7.9279279e-01  -8.9002036e-02
   7.9429429e-01  -8.8955600e-02
   7.9579580e-01  -8.8909189e-02
   7.9729730e-01  -8.8862803e-02
   7.9879880e-01  -8.8816442e-02
   8.0030030e-01  -8.8770105e-02
   8.0180180e-01  -8.8723794e-02
   8.0330330e-01  -8.8677508e-02
   8.0480480e-01  -8.8631246e-02
   8.0630631e-01  -8.8585010e-02
   8.0780781e-01  -8.8538798e-02
   8.0930931e-01  -8.8492611e-02
   8.1081081e-01  -8.8446449e-02
   8.1231231e-01  -8.8400312e-02
   8.1381381e-01  -8.8354200e-02
   8.1531532e-01  -8.8308112e-02
   8.1681682e-01  -8.8262050e-02
   8.1831832e-01  -8.8216012e-02
   8.1981982e-01  -8.8169999e-02
   8.2132132e-01  -8.8124010e-02
   8.2282282e-01  -8.8078047e-02
   8.2432432e-01  -8.8032108e-02
   8.2582583e-01  -8.7986194e-02
   8.2732733e-01  -8.7940304e-02
   8.2882883e-01  -8.7894439e-02
   8.3033033e-01  -8.7848599e-02
   8.3183183e-01  -8.7802784e-02
   8.3333333e-01  -8.7756993e-02
   8.3483483e-01  -8.7711227e-02
   8.3633634e-01  -8.7665486e-02
   8.3783784e-01  -8.7619769e-02
   8.3933934e-01  -8.7574076e-02
   8.4084084e-01  -8.7528409e-02
   8.4234234e-01  -8.7482766e-02
   8.4384384e-01  -8.7437147e-02
   8.4534535e-01  -8.7391553e-02
   8.4684685e-01  -8.7345983e-02
   8.4834835e-01  -8.7300438e-02
   8.4984985e-01  -8.7254918e-02
   8.5135135e-01  -8.7209422e-02
   8.5285285e-01  -8.7163951e-02
   8.5435435e-01  -8.7118504e-02
   8.5585586e-01  -8.7073081e-02
   8.5735736e-01  -8.7027683e-02
   8.5885886e-01  -8.6982309e-02
   8.6036036e-01  -8.6936960e-02
   8.6186186e-01  -8.6891635e-02
   8.6336336e-01  -8.6846335e-02
   8.6486486e-01  -8.6801058e-02
   8.6636637e-01  -8.6755807e-02
   8.6786787e-01  -8.6710579e-02
   8.6936937e-01  -8.6665376e-02
   8.7087087e-01  -8.6620197e-02
   8.7237237e-01  -8.6575043e-02
   8.7387387e-01  -8.6529913e-02
   8.7537538e-01  -8.6484807e-02
   8.7687688e-01  -8.6439725e-02
   8.7837838e-01  -8.6394668e-02
   8.7987988e-01  -8.6349635e-02
   8.8138138e-01  -8.6304626e-02
   8.8288288e-01  -8.6259642e-02
   8.8438438e-01  -8.6214681e-02
   8.8588589e-01  -8.6169745e-02
   8.8738739e-01  -8.6124833e-02
   8.8888889e-01  -8.6079945e-02
   8.9039039e-01  -8.6035081e-02
   8.9189189e-01  -8.5990242e-02
   8.9339339e-01  -8.5945426e-02
   8.9489489e-01  -8.5900635e-02
   8.9639640e-01  -8.5855868e-02
   8.9789790e-01  -8.5811124e-02
   8.9939940e-01  -8.5766405e-02
   9.0090090e-01  -8.5721710e-02
   9.0240240e-01  -8.5677039e-02
   9.0390390e-01  -8.5632392e-02
   9.0540541e-01  -8.5587770e-02
   9.0690691e-01  -8.5543171e-02
   9.0840841e-01  -8.5498596e-02
   9.0990991e-01  -8.5454045e-02
   9.1141141e-01  -8.5409518e-02
   9.1291291e-01  -8.5365015e-02
   9.1441441e-01  -8.5320536e-02
   9.1591592e-01  -8.5276081e-02
   9.1741742e-01  -8.5231650e-02
   9.1891892e-01  -8.5187242e-02
   9.2042042e-01  -8.5142859e-02
   9.2192192e-01  -8.5098500e-02
   9.2342342e-01  -8.5054164e-02
   9.2492492e-01  -8.5009852e-02
   9.2642643e-01  -8.4965564e-02
   9.2792793e-01  -8.4921300e-02
   9.2942943e-01  -8.4877060e-02
   9.3093093e-01  -8.4832843e-02
   9.3243243e-01  -8.4788651e-02
   9.3393393e-01  -8.4744482e-02
   9.3543544e-01  -8.4700337e-02
   9.3693694e-01  -8.4656215e-02
   9.3843844e-01  -8.4612118e-02
   9.3993994e-01  -8.4568044e-02
   9.4144144e-01  -8.4523994e-02
   9.4294294e-01  -8.4479967e-02
   9.4444444e-01  -8.4435964e-02
   9.4594595e-01  -8.4391985e-02
   9.4744745e-01  -8.4348030e-02
   9.4894895e-01  -8.4304098e-02
   9.5045045e-01  -8.4260190e-02
   9.5195195e-01  -8.4216305e-02
   9.5345345e-01  -8.4172444e-02
   9.5495495e-01  -8.4128607e-02
   9.5645646e-01  -8.4084793e-02
   9.5795796e-01  -8.4041003e-02
   9.5945946e-01  -8.3997237e-02
   9.6096096e-01  -8.3953493e-02
   9.6246246e-01  -8.3909774e-02
   9.6396396e-01  -8.3866078e-02
   9.6546547e-01  -8.3822406e-02
   9.6696697e-01  -8.3778757e-02
   9.6846847e-01  -8.3735131e-02
   9.6996997e-01  -8.3691529e-02
   9.7147147e-01  -8.3647950e-02
   9.7297297e-01  -8.3604395e-02
   9.7447447e-01  -8.3560864e-02
   9.7597598e-01  -8.3517356e-02
   9.7747748e-01  -8.3473871e-02
   9.7897898e-01  -8.3430409e-02
   9.8048048e-01  -8.3386971e-02
   9.8198198e-01  -8.3343557e-02
   9.8348348e-01  -8.3300165e-02
   9.8498498e-01  -8.3256797e-02
   9.8648649e-01  -8.3213453e-02
   9.8798799e-01  -8.3170131e-02
   9.8948949e-01  -8.3126833e-02
   9.9099099e-01  -8.3083559e-02
   9.9249249e-01  -8.3040307e-02
   9.9399399e-01  -8.2997079e-02
   9.9549550e-01  -8.2953874e-02
   9.9699700e-01  -8.2910693e-02
   9.9849850e-01  -8.2867534e-02
   1.0000000e+00  -8.2824399e-02
   1.0015015e+00  -5.6946821e-02
   1.0030030e+00  -3.5020273e-02
   1.0045045e+00  -1.6442558e-02
   1.0060060e+00  -7.0325954e-04
   1.0075075e+00   1.2630241e-02
   1.0090090e+00   2.3924627e-02
   1.0105105e+00   3.3490692e-02
   1.0120120e+00   4.1591861e-02
   1.0135135e+00   4.8451410e-02
   1.0150150e+00   5.4258584e-02
   1.0165165e+00   5.9173782e-02
   1.0180180e+00   6.3332960e-02
   1.0195195e+00   6.6851350e-02
   1.0210210e+00   6.9826619e-02
   1.0225225e+00   7.2341553e-02
   1.0240240e+00   7.4466316e-02
   1.0255255e+00   7.6260379e-02
   1.0270270e+00   7.7774150e-02
   1.0285285e+00   7.9050354e-02
   1.0300300e+00   8.0125202e-02
   1.0315315e+00   8.1029387e-02
   1.0330330e+00   8.1788926e-02
   1.0345345e+00   8.2425867e-02
   1.0360360e+00   8.2958901e-02
   1.0375375e+00   8.3403867e-02
   1.0390390e+00   8.3774193e-02
   1.0405405e+00   8.4081258e-02
   1.0420420e+00   8.4334708e-02
   1.0435435e+00   8.4542718e-02
   1.0450450e+00   8.4712217e-02
   1.0465465e+00   8.4849079e-02
   1.0480480e+00   8.4958283e-02
   1.0495495e+00   8.5044046e-02
   1.0510511e+00   8.5109946e-02
   1.0525526e+00   8.5159013e-02
   1.0540541e+00   8.5193817e-02
   1.0555556e+00   8.5216535e-02
   1.0570571e+00   8.5229013e-02
   1.0585586e+00   8.5232816e-02
   1.0600601e+00   8.5229269e-02
   1.0615616e+00   8.5219496e-02
   1.0630631e+00   8.5204449e-02
   1.0645646e+00   8.5184937e-02
   1.0660661e+00   8.5161643e-02
   1.0675676e+00   8.5135147e-02
   1.0690691e+00   8.5105942e-02
   1.0705706e+00   8.5074443e-02
   1.0720721e+00   8.5041004e-02
   1.0735736e+00   8.5005924e-02
   1.0750751e+00   8.4969457e-02
   1.0765766e+00   8.4931818e-02
   1.0780781e+00   8.4893189e-02
   1.0795796e+00   8.4853725e-02
   1.0810811e+00   8.4813556e-02
   1.0825826e+00   8.4772794e-02
   1.0840841e+00   8.4731533e-02
   1.0855856e+00   8.4689852e-02
   1.0870871e+00   8.4647819e-02
   1.0885886e+00   8.4605491e-02
   1.0900901e+00   8.4562917e-02
   1.0915916e+00   8.4520137e-02
   1.0930931e+00   8.4477188e-02
   1.0945946e+00   8.4434097e-02
   1.0960961e+00   8.4390891e-02
   1.0975976e+00   8.4347591e-02
   1.0990991e+00   8.4304214e-02
   1.1006006e+00   8.4260776e-02
   1.1021021e+00   8.4217290e-02
   1.1036036e+00   8.4173766e-02
   1.1051051e+00   8.4130214e-02
   1.1066066e+00   8.4086642e-02
   1.1081081e+00   8.4043057e-02
   1.1096096e+00   8.3999464e-02
   1.1111111e+00   8.3955867e-02
   1.1126126e+00   8.3912272e-02
   1.1141141e+00   8.3868680e-02
   1.1156156e+00   8.3825097e-02
   1.1171171e+00   8.3781522e-02
   1.1186186e+00   8.3737960e-02
   1.1201201e+00   8.3694411e-02
   1.1216216e+00   8.3650878e-02
   1.1231231e+00   8.3607360e-02
   1.1246246e+00   8.3563860e-02
   1.1261261e+00   8.3520379e-02
   1.1276276e+00   8.3476916e-02
   1.1291291e+00   8.3433474e-02
   1.1306306e+00   8.3390051e-02
   1.1321321e+00   8.3346649e-02
   1.1336336e+00   8.3303269e-02
   1.1351351e+00   8.3259910e-02
   1.1366366e+00   8.3216572e-02
   1.1381381e+00   8.3173257e-02
   1.1396396e+00   8.3129963e-02
   1.1411411e+00   8.3086693e-02
   1.1426426e+00   8.3043444e-02
   1.1441441e+00   8.3000218e-02
   1.1456456e+00   8.2957015e-02
   1.1471471e+00   8.2913834e-02
   1.1486486e+00   8.2870677e-02
   1.1501502e+00   8.2827542e-02
   1.1516517e+00   8.2784430e-02
   1.1531532e+00   8.2741341e-02
   1.1546547e+00   8.2698275e-02
   1.1561562e+00   8.2655232e-02
   1.1576577e+00   8.2612212e-02
   1.1591592e+00   8.2569215e-02
   1.1606607e+00   8.2526241e-02
   1.1621622e+00   8.2483290e-02
   1.1636637e+00   8.2440362e-02
   1.1651652e+00   8.2397457e-02
   1.1666667e+00   8.2354575e-02
   1.1681682e+00   8.2311716e-02
   1.1696697e+00   8.2268880e-02
   1.1711712e+00   8.2226067e-02
   1.1726727e+00   8.2183277e-02
   1.1741742e+00   8.2140511e-02
   1.1756757e+00   8.2097767e-02
   1.1771772e+00   8.2055046e-02
   1.1786787e+00   8.2012348e-02
   1.1801802e+00   8.1969673e-02
   1.1816817e+00   8.1927021e-02
   1.1831832e+00   8.1884392e-02
   1.1846847e+00   8.1841786e-02
   1.1861862e+00   8.1799203e-02
   1.1876877e+00   8.1756643e-02
   1.1891892e+00   8.1714105e-02
   1.1906907e+00   8.1671591e-02
   1.1921922e+00   8.1629099e-02
   1.1936937e+00   8.1586630e-02
   1.1951952e+00   8.1544184e-02
   1.1966967e+00   8.1501761e-02
   1.1981982e+00   8.1459361e-02
   1.1996997e+00   8.1416984e-02
   1.2012012e+00   8.1374629e-02
   1.2027027e+00   8.1332297e-02
   1.2042042e+00   8.1289988e-02
   1.2057057e+00   8.1247702e-02
   1.2072072e+00   8.1205438e-02
   1.2087087e+00   8.1163197e-02
   1.2102102e+00   8.1120979e-02
   1.2117117e+00   8.1078784e-02
   1.2132132e+00   8.1036611e-02
   1.2147147e+00   8.0994461e-02
   1.2162162e+00   8.0952334e-02
   1.2177177e+00   8.0910230e-02
   1.2192192e+00   8.0868148e-02
   1.2207207e+00   8.0826088e-02
   1.2222222e+00   8.0784052e-02
   1.2237237e+00   8.0742038e-02
   1.2252252e+00   8.0700046e-02
   1.2267267e+00   8.0658077e-02
   1.2282282e+00   8.0616131e-02
   1.2297297e+00   8.0574207e-02
   1.2312312e+00   8.0532306e-02
   1.2327327e+00   8.0490427e-02
   1.2342342e+00   8.0448571e-02
   1.2357357e+00   8.0406738e-02
   1.2372372e+00   8.0364927e-02
   1.2387387e+00   8.0323138e-02
   1.2402402e+00   8.0281372e-02
   1.2417417e+00   8.0239629e-02
   1.2432432e+00   8.0197908e-02
   1.2447447e+00   8.0156209e-02
   1.2462462e+00   8.0114533e-02
   1.2477477e+00   8.0072879e-02
   1.2492492e+00   8.0031247e-02
   1.2507508e+00   7.9989638e-02
   1.2522523e+00   7.9948052e-02
   1.2537538e+00   7.9906488e-02
   1.2552553e+00   7.9864946e-02
   1.2567568e+00   7.9823426e-02
   1.2582583e+00   7.9781929e-02
   1.2597598e+00   7.9740454e-02
   1.2612613e+00   7.9699002e-02
   1.2627628e+00   7.9657572e-02
   1.2642643e+00   7.9616164e-02
   1.2657658e+00   7.9574778e-02
   1.2672673e+00   7.9533415e-02
   1.2687688e+00   7.9492074e-02
   1.2702703e+00   7.9450755e-02
   1.2717718e+00   7.9409458e-02
   1.2732733e+00   7.9368184e-02
   1.2747748e+00   7.9326931e-02
   1.2762763e+00   7.9285701e-02
   1.2777778e+00   7.9244494e-02
   1.2792793e+00   7.9203308e-02
   1.2807808e+00   7.9162144e-02
   1.2822823e+00   7.9121003e-02
   1.2837838e+00   7.9079884e-02
   1.2852853e+00   7.9038787e-02
   1.2867868e+00   7.8997712e-02
   1.2882883e+00   7.8956659e-02
   1.2897898e+00   7.8915628e-02
   1.2912913e+00   7.8874620e-02
   1.2927928e+00   7.8833633e-02
   1.2942943e+00   7.8792668e-02
   1.2957958e+00   7.8751726e-02
   1.2972973e+00   7.8710805e-02
   1.2987988e+00   7.8669907e-02
   1.3003003e+00   7.8629030e-02
   1.3018018e+00   7.8588176e-02
   1.3033033e+00   7.8547344e-02
   1.3048048e+00   7.8506533e-02
   1.3063063e+00   7.8465744e-02
   1.3078078e+00   7.8424978e-02
   1.3093093e+00   7.8384233e-02
   1.3108108e+00   7.8343510e-02
   1.3123123e+00   7.8302810e-02
   1.3138138e+00   7.8262131e-02
   1.3153153e+00   7.8221474e-02
   1.3168168e+00   7.8180838e-02
   1.3183183e+00   7.8140225e-02
   1.3198198e+00   7.8099634e-02
   1.3213213e+00   7.8059064e-02
   1.3228228e+00   7.8018516e-02
   1.3243243e+00   7.7977990e-02
   1.3258258e+00   7.7937486e-02
   1.3273273e+00   7.7897004e-02
   1.3288288e+00   7.7856543e-02
   1.3303303e+00   7.7816104e-02
   1.3318318e+00   7.7775687e-02
   1.3333333e+00   7.7735292e-02
   1.3348348e+00   7.7694919e-02
   1.3363363e+00   7.7654567e-02
   1.3378378e+00   7.7614237e-02
   1.3393393e+00   7.7573928e-02
   1.3408408e+00   7.7533641e-02
   1.3423423e+00   7.7493376e-02
   1.3438438e+00   7.7453133e-02
   1.3453453e+00   7.7412911e-02
   1.3468468e+00   7.7372711e-02
   1.3483483e+00   7.7332533e-02
   1.3498498e+00   7.7292376e-02
   1.3513514e+00   7.7252241e-02
   1.3528529e+00   7.7212127e-02
   1.3543544e+00   7.7172035e-02
   1.3558559e+00   7.7131964e-02
   1.3573574e+00   7.7091916e-02
   1.3588589e+00   7.7051888e-02
   1.3603604e+00   7.7011882e-02
   1.3618619e+00   7.6971898e-02
   1.3633634e+00   7.6931935e-02
   1.3648649e+00   7.6891994e-02
   1.3663664e+00   7.6852074e-02
   1.3678679e+00   7.6812176e-02
   1.3693694e+00   7.6772299e-02
   1.3708709e+00   7.6732444e-02
   1.3723724e+00   7.6692610e-02
   1.3738739e+00   7.6652797e-02
   1.3753754e+00   7.6613006e-02
   1.3768769e+00   7.6573237e-02
   1.3783784e+00   7.6533488e-02
   1.3798799e+00   7.6493761e-02
   1.3813814e+00   7.6454056e-02
   1.3828829e+00   7.6414372e-02
   1.3843844e+00   7.6374709e-02
   1.3858859e+00   7.6335067e-02
   1.3873874e+00   7.6295447e-02
   1.3888889e+00   7.6255849e-02
   1.3903904e+00   7.6216271e-02
   1.3918919e+00   7.6176715e-02
   1.3933934e+00   7.6137180e-02
   1.3948949e+00   7.6097666e-02
   1.3963964e+00   7.6058174e-02
   1.3978979e+00   7.6018703e-02
   1.3993994e+00   7.5979253e-02
   1.4009009e+00   7.5939824e-02
   1.4024024e+00   7.5900417e-02
   1.4039039e+00   7.5861031e-02
   1.4054054e+00   7.5821666e-02
   1.4069069e+00   7.5782322e-02
   1.4084084e+00   7.5742999e-02
   1.4099099e+00   7.5703698e-02
   1.4114114e+00   7.5664417e-02
   1.4129129e+00   7.5625158e-02
   1.4144144e+00   7.5585920e-02
   1.4159159e+00   7.5546703e-02
   1.4174174e+00   7.5507507e-02
   1.4189189e+00   7.5468332e-02
   1.4204204e+00   7.5429178e-02
   1.4219219e+00   7.5390046e-02
   1.4234234e+00   7.5350934e-02
   1.4249249e+00   7.5311844e-02
   1.4264264e+00   7.5272774e-02
   1.4279279e+00   7.5233726e-02
   1.4294294e+00   7.5194698e-02
   1.4309309e+00   7.5155692e-02
   1.4324324e+00   7.5116706e-02
   1.4339339e+00   7.5077741e-02
   1.4354354e+00   7.5038798e-02
   1.4369369e+00   7.4999875e-02
   1.4384384e+00   7.4960974e-02
   1.4399399e+00   7.4922093e-02
   1.4414414e+00   7.4883233e-02
   1.4429429e+00   7.4844394e-02
   1.4444444e+00   7.4805576e-02
   1.4459459e+00   7.4766779e-02
   1.4474474e+00   7.4728003e-02
   1.4489489e+00   7.4689248e-02
   1.4504505e+00   7.4650513e-02
   1.4519520e+00   7.4611799e-02
   1.4534535e+00   7.4573106e-02
   1.4549550e+00   7.4534434e-02
   1.4564565e+00   7.4495783e-02
   1.4579580e+00   7.4457153e-02
   1.4594595e+00   7.4418543e-02
   1.4609610e+00   7.4379954e-02
   1.4624625e+00   7.4341386e-02
   1.4639640e+00   7.4302839e-02
   1.4654655e+00   7.4264312e-02
   1.4669670e+00   7.4225806e-02
   1.4684685e+00   7.4187321e-02
   1.4699700e+00   7.4148857e-02
   1.4714715e+00   7.4110413e-02
   1.4729730e+00   7.4071990e-02
   1.4744745e+00   7.4033588e-02
   1.4759760e+00   7.3995206e-02
   1.4774775e+00   7.3956845e-02
   1.4789790e+00   7.3918505e-02
   1.4804805e+00   7.3880185e-02
   1.4819820e+00   7.3841886e-02
   1.4834835e+00   7.3803607e-02
   1.4849850e+00   7.3765349e-02
   1.4864865e+00   7.3727112e-02
   1.4879880e+00   7.3688895e-02
   1.4894895e+00   7.3650699e-02
   1.4909910e+00   7.3612523e-02
   1.4924925e+00   7.3574368e-02
   1.4939940e+00   7.3536233e-02
   1.4954955e+00   7.3498119e-02
   1.4969970e+00   7.3460026e-02
   1.4984985e+00   7.3421952e-02
   1.5000000e+00   7.3383900e-02
