   0.0000000e+00   0.0000000e+00   0.0000000e+00   0.0000000e+00  -1.0000000e+00   0.0000000e+00   0.0000000e+00
  -1.4560764e-04   9.8512649e-03  -1.4560764e-04  -9.8512649e-03  -1.0000971e+00   0.0000000e+00   3.8831219e-04
  -3.4874601e-04   1.5243283e-02  -3.4874601e-04  -1.5243283e-02  -1.0002326e+00   0.0000000e+00   9.3013360e-04
  -8.3517884e-04   2.3579333e-02  -8.3517884e-04  -2.3579333e-02  -1.0005576e+00   0.0000000e+00   2.2279716e-03
  -1.9994843e-03   3.6447198e-02  -1.9994843e-03  -3.6447198e-02  -1.0013377e+00   0.0000000e+00   5.3367143e-03
  -4.7834233e-03   5.6237563e-02  -4.7834233e-03  -5.6237563e-02  -1.0032163e+00   0.0000000e+00   1.2783161e-02
  -1.1423156e-02   8.6402654e-02  -1.1423156e-02  -8.6402654e-02  -1.0077735e+00   0.0000000e+00   3.0619816e-02
  -2.7158578e-02   1.3136262e-01  -2.7158578e-02  -1.3136262e-01  -1.0190272e+00   0.0000000e+00   7.3344388e-02
  -4.5677662e-02   1.6746043e-01  -4.5677662e-02  -1.6746043e-01  -1.0331587e+00   0.0000000e+00   1.2451399e-01
  -6.3821976e-02   1.9451073e-01  -6.3821976e-02  -1.9451073e-01  -1.0480396e+00   0.0000000e+00   1.7568359e-01
  -1.0563957e-01   2.3966040e-01  -1.0563957e-01  -2.3966040e-01  -1.0869722e+00   0.0000000e+00   2.9825138e-01
  -1.2561258e-01   2.5558044e-01  -1.2561258e-01  -2.5558044e-01  -1.1083101e+00   0.0000000e+00   3.5953527e-01
  -1.4491739e-01   2.6836449e-01  -1.4491739e-01  -2.6836449e-01  -1.1309844e+00   0.0000000e+00   4.2081916e-01
  -1.8826336e-01   2.8930034e-01  -1.8826336e-01  -2.8930034e-01  -1.1910872e+00   0.0000000e+00   5.6761396e-01
  -2.0832189e-01   2.9578405e-01  -2.0832189e-01  -2.9578405e-01  -1.2243676e+00   0.0000000e+00   6.4101136e-01
  -2.2726209e-01   3.0018777e-01  -2.2726209e-01  -3.0018777e-01  -1.2598846e+00   0.0000000e+00   7.1440876e-01
  -2.6173267e-01   3.0403942e-01  -2.6173267e-01  -3.0403942e-01  -1.3377382e+00   0.0000000e+00   8.6120355e-01
  -2.9169793e-01   3.0299089e-01  -2.9169793e-01  -3.0299089e-01  -1.4246025e+00   0.0000000e+00   1.0079983e+00
  -3.2198597e-01   2.9752673e-01  -3.2198597e-01  -2.9752673e-01  -1.5398370e+00   0.0000000e+00   1.1838089e+00
  -3.4682111e-01   2.8938285e-01  -3.4682111e-01  -2.8938285e-01  -1.6659773e+00   0.0000000e+00   1.3596195e+00
  -3.8348774e-01   2.7013718e-01  -3.8348774e-01  -2.7013718e-01  -1.9442651e+00   0.0000000e+00   1.7112406e+00
  -3.9691960e-01   2.6044633e-01  -3.9691960e-01  -2.6044633e-01  -2.0932120e+00   0.0000000e+00   1.8870512e+00
  -4.0796594e-01   2.5116495e-01  -4.0796594e-01  -2.5116495e-01  -2.2469299e+00   0.0000000e+00   2.0628618e+00
  -4.2480496e-01   2.3426933e-01  -4.2480496e-01  -2.3426933e-01  -2.5648730e+00   0.0000000e+00   2.4144829e+00
  -4.4864133e-01   2.0267471e-01  -4.4864133e-01  -2.0267471e-01  -3.3594468e+00   0.0000000e+00   3.2567295e+00
  -4.6137317e-01   1.8030584e-01  -4.6137317e-01  -1.8030584e-01  -4.1762298e+00   0.0000000e+00   4.0989761e+00
  -4.7437249e-01   1.5091262e-01  -4.7437249e-01  -1.5091262e-01  -5.8347244e+00   0.0000000e+00   5.7834694e+00
  -4.9030309e-01   9.6194526e-02  -4.9030309e-01  -9.6194526e-02  -1.3872678e+01   0.0000000e+00   1.3853285e+01
  -4.9611782e-01   6.1714066e-02  -4.9611782e-01  -6.1714066e-02  -3.3190873e+01   0.0000000e+00   3.3183108e+01
  -4.9840745e-01   3.9749124e-02  -4.9840745e-01  -3.9749124e-02  -7.9487489e+01   0.0000000e+00   7.9484304e+01
  -4.9934000e-01   2.5648261e-02  -4.9934000e-01  -2.5648261e-02  -1.9039200e+02   0.0000000e+00   1.9039068e+02
  -4.9972530e-01   1.6562589e-02  -4.9972530e-01  -1.6562589e-02  -4.5604796e+02   0.0000000e+00   4.5604741e+02
  -4.9988547e-01   1.0698979e-02  -4.9988547e-01  -1.0698979e-02  -1.0923817e+03   0.0000000e+00   1.0923814e+03
  -4.9995221e-01   6.9122081e-03  -4.9995221e-01  -6.9122081e-03  -2.6166078e+03   0.0000000e+00   2.6166077e+03
  -4.9998005e-01   4.4659775e-03  -4.9998005e-01  -4.4659775e-03  -6.2676240e+03   0.0000000e+00   6.2676239e+03
  -4.9999167e-01   2.8855381e-03  -4.9999167e-01  -2.8855381e-03  -1.5012992e+04   0.0000000e+00   1.5012992e+04
  -4.9999652e-01   1.8644103e-03  -4.9999652e-01  -1.8644103e-03  -3.5960983e+04   0.0000000e+00   3.5960983e+04
  -4.9999855e-01   1.2046421e-03  -4.9999855e-01  -1.2046421e-03  -8.6138214e+04   0.0000000e+00   8.6138214e+04
  -4.9999939e-01   7.7835069e-04  -4.9999939e-01  -7.7835069e-04  -2.0632895e+05   0.0000000e+00   2.0632895e+05
  -4.9999975e-01   5.0291308e-04  -4.9999975e-01  -5.0291308e-04  -4.9422474e+05   0.0000000e+00   4.9422474e+05
  -4.9999989e-01   3.2494561e-04  -4.9999989e-01  -3.2494561e-04  -1.1838285e+06   0.0000000e+00   1.1838285e+06
  -4.9999996e-01   2.0995609e-04  -4.9999996e-01  -2.0995609e-04  -2.8356531e+06   0.0000000e+00   2.8356531e+06
  -4.9999998e-01   1.3565826e-04  -4.9999998e-01  -1.3565826e-04  -6.7923087e+06   0.0000000e+00   6.7923087e+06
  -4.9999999e-01   8.7652476e-05  -4.9999999e-01  -8.7652476e-05  -1.6269782e+07   0.0000000e+00   1.6269782e+07
  -5.0000000e-01   5.6634619e-05  -5.0000000e-01  -5.6634619e-05  -3.8971403e+07   0.0000000e+00   3.8971403e+07
  -5.0000000e-01   3.6593449e-05  -5.0000000e-01  -3.6593449e-05  -9.3349146e+07   0.0000000e+00   9.3349146e+07
  -5.0000000e-01   2.3643756e-05  -5.0000000e-01  -2.3643756e-05  -2.2360147e+08   0.0000000e+00   2.2360147e+08
  -5.0000000e-01   1.5271357e-05  -5.0000000e-01  -1.5271357e-05  -5.3559803e+08   0.0000000e+00   5.3559803e+08
  -5.0000000e-01   9.8651392e-06  -5.0000000e-01  -9.8651392e-06  -1.2829310e+09   0.0000000e+00   1.2829310e+09
  -5.0000000e-01   6.3757957e-06  -5.0000000e-01  -6.3757957e-06  -3.0730356e+09   0.0000000e+00   3.0730356e+09
  -5.0000000e-01   4.1207347e-06  -5.0000000e-01  -4.1207347e-06  -7.3609168e+09   0.0000000e+00   7.3609168e+09
  -5.0000000e-01   2.6625949e-06  -5.0000000e-01  -2.6625949e-06  -1.7631782e+10   0.0000000e+00   1.7631782e+10
  -5.0000000e-01   1.7204261e-06  -5.0000000e-01  -1.7204261e-06  -4.2233836e+10   0.0000000e+00   4.2233836e+10
  -5.0000000e-01   1.1116221e-06  -5.0000000e-01  -1.1116221e-06  -1.0116373e+11   0.0000000e+00   1.0116373e+11
  -5.0000000e-01   7.1800698e-07  -5.0000000e-01  -7.1800698e-07  -2.4231994e+11   0.0000000e+00   2.4231994e+11
  -5.0000000e-01   4.6421385e-07  -5.0000000e-01  -4.6421385e-07  -5.8043482e+11   0.0000000e+00   5.8043482e+11
  -5.0000000e-01   2.9997277e-07  -5.0000000e-01  -2.9997277e-07  -1.3903296e+12   0.0000000e+00   1.3903296e+12
  -5.0000000e-01   1.9342841e-07  -5.0000000e-01  -1.9342841e-07  -3.3302902e+12   0.0000000e+00   3.3302902e+12
  -5.0000000e-01   1.2522741e-07  -5.0000000e-01  -1.2522741e-07  -7.9771249e+12   0.0000000e+00   7.9771249e+12
  -5.0000000e-01   8.0762379e-08  -5.0000000e-01  -8.0762379e-08  -1.9107801e+13   0.0000000e+00   1.9107801e+13
  -5.0000000e-01   5.1349589e-08  -5.0000000e-01  -5.1349589e-08  -4.5769379e+13   0.0000000e+00   4.5769379e+13
  -5.0000000e-01   3.4546922e-08  -5.0000000e-01  -3.4546922e-08  -1.0963250e+14   0.0000000e+00   1.0963250e+14
  -5.0000000e-01   2.5809569e-08  -5.0000000e-01  -2.5809569e-08  -2.6260539e+14   0.0000000e+00   2.6260539e+14
  -5.0000000e-01   7.4505808e-09  -5.0000000e-01  -7.4505808e-09  -6.2902506e+14   0.0000000e+00   6.2902506e+14
  -5.0000000e-01   1.4901162e-08  -5.0000000e-01  -1.4901162e-08  -7.5260613e+14   0.0000000e+00   7.5260613e+14
  -5.0000000e-01   1.1780403e-08  -5.0000000e-01  -1.1780403e-08  -7.5335949e+14   0.0000000e+00   7.5335949e+14
  -5.0000000e-01   1.5805069e-08  -5.0000000e-01  -1.5805069e-08  -7.5411285e+14   0.0000000e+00   7.5411285e+14
  -5.0000000e-01   9.1250604e-09  -5.0000000e-01  -9.1250604e-09  -1.5067190e+15   0.0000000e+00   1.5067190e+15
  -5.0000000e-01   0.0000000e+00  -5.0000000e-01   0.0000000e+00  -3.0134380e+16   0.0000000e+00   3.0134380e+16
  -4.9999999e-01   0.0000000e+00  -5.0000001e-01   0.0000000e+00             Inf   0.0000000e+00             Inf
