   0.0000000e+00   0.0000000e+00   0.0000000e+00   0.0000000e+00  -1.0000000e+00   0.0000000e+00   0.0000000e+00
  -8.1970949e-05   9.9176789e-03  -8.1970949e-05  -9.9176789e-03  -9.9996721e-01   0.0000000e+00   1.3115180e-04
  -1.0297120e-04   1.1115660e-02  -1.0297120e-04  -1.1115660e-02  -9.9995881e-01   0.0000000e+00   1.6475121e-04
  -1.2935166e-04   1.2458334e-02  -1.2935166e-04  -1.2458334e-02  -9.9994826e-01   0.0000000e+00   2.0695837e-04
  -1.6249076e-04   1.3963170e-02  -1.6249076e-04  -1.3963170e-02  -9.9993500e-01   0.0000000e+00   2.5997845e-04
  -2.0412017e-04   1.5649746e-02  -2.0412017e-04  -1.5649746e-02  -9.9991834e-01   0.0000000e+00   3.2658161e-04
  -2.5641530e-04   1.7539999e-02  -2.5641530e-04  -1.7539999e-02  -9.9989742e-01   0.0000000e+00   4.1024764e-04
  -3.2210900e-04   1.9658508e-02  -3.2210900e-04  -1.9658508e-02  -9.9987113e-01   0.0000000e+00   5.1534784e-04
  -4.0463455e-04   2.2032814e-02  -4.0463455e-04  -2.2032814e-02  -9.9983810e-01   0.0000000e+00   6.4737337e-04
  -5.0830519e-04   2.4693771e-02  -5.0830519e-04  -2.4693771e-02  -9.9979661e-01   0.0000000e+00   8.1322214e-04
  -6.3853979e-04   2.7675938e-02  -6.3853979e-04  -2.7675938e-02  -9.9974448e-01   0.0000000e+00   1.0215593e-03
  -8.0214652e-04   3.1018025e-02  -8.0214652e-04  -3.1018025e-02  -9.9967898e-01   0.0000000e+00   1.2832697e-03
  -1.0076794e-03   3.4763381e-02  -1.0076794e-03  -3.4763381e-02  -9.9959667e-01   0.0000000e+00   1.6120270e-03
  -1.2658863e-03   3.8960535e-02  -1.2658863e-03  -3.8960535e-02  -9.9949324e-01   0.0000000e+00   2.0250077e-03
  -1.5902728e-03   4.3663809e-02  -1.5902728e-03  -4.3663809e-02  -9.9936324e-01   0.0000000e+00   2.5437887e-03
  -1.9978107e-03   4.8933977e-02  -1.9978107e-03  -4.8933977e-02  -9.9919985e-01   0.0000000e+00   3.1954749e-03
  -2.5098302e-03   5.4839011e-02  -2.5098302e-03  -5.4839011e-02  -9.9899445e-01   0.0000000e+00   4.0141147e-03
  -3.1531419e-03   6.1454885e-02  -3.1531419e-03  -6.1454885e-02  -9.9873620e-01   0.0000000e+00   5.0424795e-03
  -3.9614501e-03   6.8866462e-02  -3.9614501e-03  -6.8866462e-02  -9.9841140e-01   0.0000000e+00   6.3342983e-03
  -4.9771343e-03   7.7168447e-02  -4.9771343e-03  -7.7168447e-02  -9.9800280e-01   0.0000000e+00   7.9570645e-03
  -6.2534945e-03   8.6466413e-02  -6.2534945e-03  -8.6466413e-02  -9.9748857e-01   0.0000000e+00   9.9955627e-03
  -7.8575863e-03   9.6877882e-02  -7.8575863e-03  -9.6877882e-02  -9.9684113e-01   0.0000000e+00   1.2556298e-02
  -9.8738042e-03   1.0853345e-01  -9.8738042e-03  -1.0853345e-01  -9.9602545e-01   0.0000000e+00   1.5773061e-02
  -1.2408417e-02   1.2157791e-01  -1.2408417e-02  -1.2157791e-01  -9.9499708e-01   0.0000000e+00   1.9813918e-02
  -1.5595323e-02   1.3617137e-01  -1.5595323e-02  -1.3617137e-01  -9.9369934e-01   0.0000000e+00   2.4889990e-02
  -1.9603366e-02   1.5249020e-01  -1.9603366e-02  -1.5249020e-01  -9.9205976e-01   0.0000000e+00   3.1266487e-02
  -2.4645675e-02   1.7072787e-01  -2.4645675e-02  -1.7072787e-01  -9.8998521e-01   0.0000000e+00   3.9276561e-02
  -3.0991625e-02   1.9109538e-01  -3.0991625e-02  -1.9109538e-01  -9.8735546e-01   0.0000000e+00   4.9338714e-02
  -3.8982249e-02   2.1382128e-01  -3.8982249e-02  -2.1382128e-01  -9.8401416e-01   0.0000000e+00   6.1978661e-02
  -4.9050204e-02   2.3915096e-01  -4.9050204e-02  -2.3915096e-01  -9.7975639e-01   0.0000000e+00   7.7856802e-02
  -6.1745878e-02   2.6734531e-01  -6.1745878e-02  -2.6734531e-01  -9.7431096e-01   0.0000000e+00   9.7802719e-02
  -7.7771809e-02   2.9867865e-01  -7.7771809e-02  -2.9867865e-01  -9.6731491e-01   0.0000000e+00   1.2285853e-01
  -9.8028535e-02   3.3343694e-01  -9.8028535e-02  -3.3343694e-01  -9.5827624e-01   0.0000000e+00   1.5433331e-01
  -1.2367616e-01   3.7191872e-01  -1.2367616e-01  -3.7191872e-01  -9.4651920e-01   0.0000000e+00   1.9387153e-01
  -1.5621684e-01   4.1444605e-01  -1.5621684e-01  -4.1444605e-01  -9.3110526e-01   0.0000000e+00   2.4353893e-01
  -1.9760128e-01   4.6140299e-01  -1.9760128e-01  -4.6140299e-01  -9.1072794e-01   0.0000000e+00   3.0593050e-01
  -2.5034574e-01   5.1334268e-01  -2.5034574e-01  -5.1334268e-01  -8.8361449e-01   0.0000000e+00   3.8430598e-01
  -3.1757148e-01   5.7123612e-01  -3.1757148e-01  -5.7123612e-01  -8.4761729e-01   0.0000000e+00   4.8276025e-01
  -4.0264348e-01   6.3686486e-01  -4.0264348e-01  -6.3686486e-01  -8.0115029e-01   0.0000000e+00   6.0643726e-01
  -5.0785191e-01   7.1265170e-01  -5.0785191e-01  -7.1265170e-01  -7.4609492e-01   0.0000000e+00   7.6179873e-01
  -6.3323579e-01   7.9903054e-01  -6.3323579e-01  -7.9903054e-01  -6.9049024e-01   0.0000000e+00   9.5696182e-01
  -7.7938937e-01   8.9104823e-01  -7.7938937e-01  -8.9104823e-01  -6.4334445e-01   0.0000000e+00   1.2021232e+00
  -9.5130949e-01   9.7949198e-01  -9.5130949e-01  -9.7949198e-01  -6.0747282e-01   0.0000000e+00   1.5100918e+00
  -1.1578990e+00   1.0523007e+00  -1.1578990e+00  -1.0523007e+00  -5.8115999e-01   0.0000000e+00   1.8969580e+00
  -1.2848547e+00   1.0787483e+00  -1.2848547e+00  -1.0787483e+00  -5.7023676e-01   0.0000000e+00   2.1399462e+00
  -1.4105306e+00   1.0914181e+00  -1.4105306e+00  -1.0914181e+00  -5.6187324e-01   0.0000000e+00   2.3829344e+00
  -1.5671856e+00   1.0883266e+00  -1.5671856e+00  -1.0883266e+00  -5.5380186e-01   0.0000000e+00   2.6881730e+00
  -1.7229148e+00   1.0637261e+00  -1.7229148e+00  -1.0637261e+00  -5.4758218e-01   0.0000000e+00   2.9934117e+00
  -1.9176537e+00   9.9966226e-01  -1.9176537e+00  -9.9966226e-01  -5.4154112e-01   0.0000000e+00   3.3768486e+00
  -2.0147537e+00   9.5171257e-01  -2.0147537e+00  -9.5171257e-01  -5.3905962e-01   0.0000000e+00   3.5685671e+00
  -2.1117142e+00   8.9098634e-01  -2.1117142e+00  -8.9098634e-01  -5.3685707e-01   0.0000000e+00   3.7602855e+00
  -2.2274764e+00   7.9750360e-01  -2.2274764e+00  -7.9750360e-01  -5.3452861e-01   0.0000000e+00   3.9894814e+00
  -2.3431005e+00   6.7226759e-01  -2.3431005e+00  -6.7226759e-01  -5.3247628e-01   0.0000000e+00   4.2186773e+00
  -2.4008682e+00   5.9166971e-01  -2.4008682e+00  -5.9166971e-01  -5.3153879e-01   0.0000000e+00   4.3332753e+00
  -2.4586097e+00   4.9157253e-01  -2.4586097e+00  -4.9157253e-01  -5.3065382e-01   0.0000000e+00   4.4478732e+00
  -2.5163270e+00   3.5588550e-01  -2.5163270e+00  -3.5588550e-01  -5.2981707e-01   0.0000000e+00   4.5624711e+00
  -2.5451773e+00   2.5826327e-01  -2.5451773e+00  -2.5826327e-01  -5.2941557e-01   0.0000000e+00   4.6197701e+00
  -2.5740222e+00   7.1450857e-02  -2.5740222e+00  -7.1450857e-02  -5.2902472e-01   0.0000000e+00   4.6770691e+00
  -2.5763788e+00   7.2156463e-08  -2.5763788e+00  -7.2156463e-08  -5.2899325e-01   0.0000000e+00   4.6817508e+00
  -2.5072079e+00   0.0000000e+00  -2.6502628e+00   0.0000000e+00  -5.2896184e-01   0.0000000e+00   4.6864326e+00
  -2.3826377e+00   0.0000000e+00  -2.8122702e+00   0.0000000e+00  -5.2871473e-01   0.0000000e+00   4.7236226e+00
  -1.8796142e+00   0.0000000e+00  -4.5316667e+00   0.0000000e+00  -5.2247335e-01   0.0000000e+00   5.9337543e+00
  -1.7440685e+00   0.0000000e+00  -6.1921860e+00   0.0000000e+00  -5.1765170e-01   0.0000000e+00   7.4539062e+00
  -1.6708190e+00   0.0000000e+00  -8.1787791e+00   0.0000000e+00  -5.1390363e-01   0.0000000e+00   9.3635017e+00
  -1.5069900e+00   0.0000000e+00  -1.6256783e+02   0.0000000e+00  -5.0076593e-01   0.0000000e+00   1.6357558e+02
  -1.5000000e+00   0.0000000e+00             Inf   0.0000000e+00  -5.0000000e-01   0.0000000e+00             Inf
