   0.0000000e+00   0.0000000e+00   0.0000000e+00   0.0000000e+00  -1.0000000e+00   0.0000000e+00   0.0000000e+00
  -2.4875622e-05   9.9750623e-03  -2.4875622e-05  -9.9750623e-03  -1.0000000e+00   0.0000000e+00   4.9751244e-05
  -3.2231332e-05   1.1354483e-02  -3.2231332e-05  -1.1354483e-02  -1.0000000e+00   0.0000000e+00   6.4462664e-05
  -4.1762122e-05   1.2924656e-02  -4.1762122e-05  -1.2924656e-02  -1.0000000e+00   0.0000000e+00   8.3524245e-05
  -5.4111163e-05   1.4711959e-02  -5.4111163e-05  -1.4711959e-02  -1.0000000e+00   0.0000000e+00   1.0822233e-04
  -7.0111810e-05   1.6746412e-02  -7.0111810e-05  -1.6746412e-02  -1.0000000e+00   0.0000000e+00   1.4022362e-04
  -9.0843840e-05   1.9062191e-02  -9.0843840e-05  -1.9062191e-02  -1.0000000e+00   0.0000000e+00   1.8168768e-04
  -1.1770632e-04   2.1698190e-02  -1.1770632e-04  -2.1698190e-02  -1.0000000e+00   0.0000000e+00   2.3541265e-04
  -1.5251203e-04   2.4698681e-02  -1.5251203e-04  -2.4698681e-02  -1.0000000e+00   0.0000000e+00   3.0502406e-04
  -1.9760977e-04   2.8114054e-02  -1.9760977e-04  -2.8114054e-02  -1.0000000e+00   0.0000000e+00   3.9521954e-04
  -2.5604289e-04   3.2001656e-02  -2.5604289e-04  -3.2001656e-02  -1.0000000e+00   0.0000000e+00   5.1208577e-04
  -3.3175465e-04   3.6426756e-02  -3.3175465e-04  -3.6426756e-02  -1.0000000e+00   0.0000000e+00   6.6350931e-04
  -4.2985435e-04   4.1463630e-02  -4.2985435e-04  -4.1463630e-02  -1.0000000e+00   0.0000000e+00   8.5970871e-04
  -5.5696209e-04   4.7196802e-02  -5.5696209e-04  -4.7196802e-02  -1.0000000e+00   0.0000000e+00   1.1139242e-03
  -7.2165553e-04   5.3722447e-02  -7.2165553e-04  -5.3722447e-02  -1.0000000e+00   0.0000000e+00   1.4433111e-03
  -9.3504875e-04   6.1149985e-02  -9.3504875e-04  -6.1149985e-02  -1.0000000e+00   0.0000000e+00   1.8700975e-03
  -1.2115422e-03   6.9603887e-02  -1.2115422e-03  -6.9603887e-02  -1.0000000e+00   0.0000000e+00   2.4230845e-03
  -1.5697947e-03   7.9225720e-02  -1.5697947e-03  -7.9225720e-02  -1.0000000e+00   0.0000000e+00   3.1395895e-03
  -2.0339823e-03   9.0176451e-02  -2.0339823e-03  -9.0176451e-02  -1.0000000e+00   0.0000000e+00   4.0679647e-03
  -2.6354300e-03   1.0263905e-01  -2.6354300e-03  -1.0263905e-01  -1.0000000e+00   0.0000000e+00   5.2708600e-03
  -3.4147254e-03   1.1682141e-01  -3.4147254e-03  -1.1682141e-01  -1.0000000e+00   0.0000000e+00   6.8294509e-03
  -4.4244582e-03   1.3295961e-01  -4.4244582e-03  -1.3295961e-01  -1.0000000e+00   0.0000000e+00   8.8489164e-03
  -5.7327685e-03   1.5132154e-01  -5.7327685e-03  -1.5132154e-01  -1.0000000e+00   0.0000000e+00   1.1465537e-02
  -7.4279456e-03   1.7221094e-01  -7.4279456e-03  -1.7221094e-01  -1.0000000e+00   0.0000000e+00   1.4855891e-02
  -9.6243858e-03   1.9597172e-01  -9.6243858e-03  -1.9597172e-01  -1.0000000e+00   0.0000000e+00   1.9248772e-02
  -1.2470312e-02   2.2299269e-01  -1.2470312e-02  -2.2299269e-01  -1.0000000e+00   0.0000000e+00   2.4940625e-02
  -1.6157778e-02   2.5371251e-01  -1.6157778e-02  -2.5371251e-01  -1.0000000e+00   0.0000000e+00   3.2315556e-02
  -2.0935626e-02   2.8862467e-01  -2.0935626e-02  -2.8862467e-01  -1.0000000e+00   0.0000000e+00   4.1871251e-02
  -2.7126281e-02   3.2828233e-01  -2.7126281e-02  -3.2828233e-01  -1.0000000e+00   0.0000000e+00   5.4252561e-02
  -3.5147510e-02   3.7330241e-01  -3.5147510e-02  -3.7330241e-01  -1.0000000e+00   0.0000000e+00   7.0295019e-02
  -4.5540612e-02   4.2436836e-01  -4.5540612e-02  -4.2436836e-01  -1.0000000e+00   0.0000000e+00   9.1081225e-02
  -5.9006951e-02   4.8223022e-01  -5.9006951e-02  -4.8223022e-01  -1.0000000e+00   0.0000000e+00   1.1801390e-01
  -7.6455280e-02   5.4770038e-01  -7.6455280e-02  -5.4770038e-01  -1.0000000e+00   0.0000000e+00   1.5291056e-01
  -9.9063072e-02   6.2164201e-01  -9.9063072e-02  -6.2164201e-01  -1.0000000e+00   0.0000000e+00   1.9812614e-01
  -1.2835598e-01   7.0494585e-01  -1.2835598e-01  -7.0494585e-01  -1.0000000e+00   0.0000000e+00   2.5671195e-01
  -1.6631078e-01   7.9848848e-01  -1.6631078e-01  -7.9848848e-01  -1.0000000e+00   0.0000000e+00   3.3262156e-01
  -2.1548880e-01   9.0306135e-01  -2.1548880e-01  -9.0306135e-01  -1.0000000e+00   0.0000000e+00   4.3097761e-01
  -2.7920875e-01   1.0192534e+00  -2.7920875e-01  -1.0192534e+00  -1.0000000e+00   0.0000000e+00   5.5841749e-01
  -3.6177065e-01   1.1472596e+00  -3.6177065e-01  -1.1472596e+00  -1.0000000e+00   0.0000000e+00   7.2354130e-01
  -4.6874607e-01   1.2865696e+00  -4.6874607e-01  -1.2865696e+00  -1.0000000e+00   0.0000000e+00   9.3749213e-01
  -6.0735407e-01   1.4354572e+00  -6.0735407e-01  -1.4354572e+00  -1.0000000e+00   0.0000000e+00   1.2147081e+00
  -7.8694839e-01   1.5901276e+00  -7.8694839e-01  -1.5901276e+00  -1.0000000e+00   0.0000000e+00   1.5738968e+00
  -1.0196487e+00   1.7432473e+00  -1.0196487e+00  -1.7432473e+00  -1.0000000e+00   0.0000000e+00   2.0392973e+00
  -1.3211583e+00   1.8812692e+00  -1.3211583e+00  -1.8812692e+00  -1.0000000e+00   0.0000000e+00   2.6423167e+00
  -1.5164913e+00   1.9406750e+00  -1.5164913e+00  -1.9406750e+00  -1.0000000e+00   0.0000000e+00   3.0329826e+00
  -1.7118242e+00   1.9791298e+00  -1.7118242e+00  -1.9791298e+00  -1.0000000e+00   0.0000000e+00   3.4236485e+00
  -1.9649171e+00   1.9996923e+00  -1.9649171e+00  -1.9996923e+00  -1.0000000e+00   0.0000000e+00   3.9298341e+00
  -2.2180099e+00   1.9880824e+00  -2.2180099e+00  -1.9880824e+00  -1.0000000e+00   0.0000000e+00   4.4360198e+00
  -2.5459422e+00   1.9240445e+00  -2.5459422e+00  -1.9240445e+00  -1.0000000e+00   0.0000000e+00   5.0918843e+00
  -2.8738744e+00   1.7989840e+00  -2.8738744e+00  -1.7989840e+00  -1.0000000e+00   0.0000000e+00   5.7477489e+00
  -3.0863253e+00   1.6792550e+00  -3.0863253e+00  -1.6792550e+00  -1.0000000e+00   0.0000000e+00   6.1726505e+00
  -3.2987761e+00   1.5209144e+00  -3.2987761e+00  -1.5209144e+00  -1.0000000e+00   0.0000000e+00   6.5975522e+00
  -3.5112270e+00   1.3100355e+00  -3.5112270e+00  -1.3100355e+00  -1.0000000e+00   0.0000000e+00   7.0224539e+00
  -3.7236778e+00   1.0143642e+00  -3.7236778e+00  -1.0143642e+00  -1.0000000e+00   0.0000000e+00   7.4473556e+00
  -3.8598389e+00   7.3552652e-01  -3.8598389e+00  -7.3552652e-01  -1.0000000e+00   0.0000000e+00   7.7196778e+00
  -3.9279195e+00   5.3209641e-01  -3.9279195e+00  -5.3209641e-01  -1.0000000e+00   0.0000000e+00   7.8558389e+00
  -3.9960000e+00   1.2642785e-01  -3.9960000e+00  -1.2642785e-01  -1.0000000e+00   0.0000000e+00   7.9920000e+00
  -4.0000000e+00   9.1250604e-08  -4.0000000e+00  -9.1250604e-08  -1.0000000e+00   0.0000000e+00   8.0000000e+00
  -3.8774457e+00   0.0000000e+00  -4.1305543e+00   0.0000000e+00  -1.0000000e+00   0.0000000e+00   8.0080000e+00
  -2.8299463e+00   0.0000000e+00  -6.8195890e+00   0.0000000e+00  -1.0000000e+00   0.0000000e+00   9.6495353e+00
  -2.4998068e+00   0.0000000e+00  -1.0003092e+01   0.0000000e+00  -1.0000000e+00   0.0000000e+00   1.2502899e+01
  -2.3371882e+00   0.0000000e+00  -1.3862812e+01   0.0000000e+00  -1.0000000e+00   0.0000000e+00   1.6200000e+01
  -2.0146391e+00   0.0000000e+00  -2.7524160e+02   0.0000000e+00  -1.0000000e+00   0.0000000e+00   2.7725624e+02
  -2.0000000e+00   0.0000000e+00             Inf   0.0000000e+00  -1.0000000e+00   0.0000000e+00             Inf
