   0.0000000e+00   0.0000000e+00   0.0000000e+00   0.0000000e+00  -1.0000000e+00   0.0000000e+00   0.0000000e+00
  -9.8039216e-05   9.9009901e-03  -9.8039216e-05  -9.9009901e-03  -1.0000000e+00   0.0000000e+00   1.9607843e-04
  -1.2007748e-04   1.0957329e-02  -1.2007748e-04  -1.0957329e-02  -1.0000000e+00   0.0000000e+00   2.4015496e-04
  -1.4706973e-04   1.2126339e-02  -1.4706973e-04  -1.2126339e-02  -1.0000000e+00   0.0000000e+00   2.9413947e-04
  -1.8012958e-04   1.3420027e-02  -1.8012958e-04  -1.3420027e-02  -1.0000000e+00   0.0000000e+00   3.6025917e-04
  -2.2062097e-04   1.4851676e-02  -2.2062097e-04  -1.4851676e-02  -1.0000000e+00   0.0000000e+00   4.4124193e-04
  -2.7021442e-04   1.6435979e-02  -2.7021442e-04  -1.6435979e-02  -1.0000000e+00   0.0000000e+00   5.4042884e-04
  -3.3095600e-04   1.8189186e-02  -3.3095600e-04  -1.8189186e-02  -1.0000000e+00   0.0000000e+00   6.6191200e-04
  -4.0535170e-04   2.0129267e-02  -4.0535170e-04  -2.0129267e-02  -1.0000000e+00   0.0000000e+00   8.1070340e-04
  -4.9647083e-04   2.2276094e-02  -4.9647083e-04  -2.2276094e-02  -1.0000000e+00   0.0000000e+00   9.9294166e-04
  -6.0807266e-04   2.4651631e-02  -6.0807266e-04  -2.4651631e-02  -1.0000000e+00   0.0000000e+00   1.2161453e-03
  -7.4476150e-04   2.7280154e-02  -7.4476150e-04  -2.7280154e-02  -1.0000000e+00   0.0000000e+00   1.4895230e-03
  -9.1217666e-04   3.0188484e-02  -9.1217666e-04  -3.0188484e-02  -1.0000000e+00   0.0000000e+00   1.8243533e-03
  -1.1172251e-03   3.3406241e-02  -1.1172251e-03  -3.3406241e-02  -1.0000000e+00   0.0000000e+00   2.2344502e-03
  -1.3683665e-03   3.6966121e-02  -1.3683665e-03  -3.6966121e-02  -1.0000000e+00   0.0000000e+00   2.7367330e-03
  -1.6759620e-03   4.0904195e-02  -1.6759620e-03  -4.0904195e-02  -1.0000000e+00   0.0000000e+00   3.3519240e-03
  -2.0527020e-03   4.5260230e-02  -2.0527020e-03  -4.5260230e-02  -1.0000000e+00   0.0000000e+00   4.1054040e-03
  -2.5141295e-03   5.0078026e-02  -2.5141295e-03  -5.0078026e-02  -1.0000000e+00   0.0000000e+00   5.0282591e-03
  -3.0792815e-03   5.5405771e-02  -3.0792815e-03  -5.5405771e-02  -1.0000000e+00   0.0000000e+00   6.1585629e-03
  -3.7714741e-03   6.1296411e-02  -3.7714741e-03  -6.1296411e-02  -1.0000000e+00   0.0000000e+00   7.5429481e-03
  -4.6192649e-03   6.7808018e-02  -4.6192649e-03  -6.7808018e-02  -1.0000000e+00   0.0000000e+00   9.2385297e-03
  -5.6576308e-03   7.5004147e-02  -5.6576308e-03  -7.5004147e-02  -1.0000000e+00   0.0000000e+00   1.1315262e-02
  -6.9294113e-03   8.2954172e-02  -6.9294113e-03  -8.2954172e-02  -1.0000000e+00   0.0000000e+00   1.3858823e-02
  -8.4870758e-03   9.1733556e-02  -8.4870758e-03  -9.1733556e-02  -1.0000000e+00   0.0000000e+00   1.6974152e-02
  -1.0394888e-02   1.0142403e-01  -1.0394888e-02  -1.0142403e-01  -1.0000000e+00   0.0000000e+00   2.0789776e-02
  -1.2731558e-02   1.1211363e-01  -1.2731558e-02  -1.1211363e-01  -1.0000000e+00   0.0000000e+00   2.5463116e-02
  -1.5593489e-02   1.2389646e-01  -1.5593489e-02  -1.2389646e-01  -1.0000000e+00   0.0000000e+00   3.1186978e-02
  -1.9098754e-02   1.3687217e-01  -1.9098754e-02  -1.3687217e-01  -1.0000000e+00   0.0000000e+00   3.8197508e-02
  -2.3391969e-02   1.5114491e-01  -2.3391969e-02  -1.5114491e-01  -1.0000000e+00   0.0000000e+00   4.6783937e-02
  -2.8650256e-02   1.6682152e-01  -2.8650256e-02  -1.6682152e-01  -1.0000000e+00   0.0000000e+00   5.7300513e-02
  -3.5090556e-02   1.8400872e-01  -3.5090556e-02  -1.8400872e-01  -1.0000000e+00   0.0000000e+00   7.0181112e-02
  -4.2978573e-02   2.0280881e-01  -4.2978573e-02  -2.0280881e-01  -1.0000000e+00   0.0000000e+00   8.5957146e-02
  -5.2639739e-02   2.2331323e-01  -5.2639739e-02  -2.2331323e-01  -1.0000000e+00   0.0000000e+00   1.0527948e-01
  -6.4472642e-02   2.4559300e-01  -6.4472642e-02  -2.4559300e-01  -1.0000000e+00   0.0000000e+00   1.2894528e-01
  -7.8965467e-02   2.6968486e-01  -7.8965467e-02  -2.6968486e-01  -1.0000000e+00   0.0000000e+00   1.5793093e-01
  -9.6716138e-02   2.9557085e-01  -9.6716138e-02  -2.9557085e-01  -1.0000000e+00   0.0000000e+00   1.9343228e-01
  -1.1845699e-01   3.2314846e-01  -1.1845699e-01  -3.2314846e-01  -1.0000000e+00   0.0000000e+00   2.3691398e-01
  -1.4508497e-01   3.5218649e-01  -1.4508497e-01  -3.5218649e-01  -1.0000000e+00   0.0000000e+00   2.9016994e-01
  -1.7769866e-01   3.8225888e-01  -1.7769866e-01  -3.8225888e-01  -1.0000000e+00   0.0000000e+00   3.5539733e-01
  -2.1764360e-01   4.1264375e-01  -2.1764360e-01  -4.1264375e-01  -1.0000000e+00   0.0000000e+00   4.3528720e-01
  -2.6656777e-01   4.4216444e-01  -2.6656777e-01  -4.4216444e-01  -1.0000000e+00   0.0000000e+00   5.3313554e-01
  -3.2648962e-01   4.6892872e-01  -3.2648962e-01  -4.6892872e-01  -1.0000000e+00   0.0000000e+00   6.5297924e-01
  -3.9988132e-01   4.8987371e-01  -3.9988132e-01  -4.8987371e-01  -1.0000000e+00   0.0000000e+00   7.9976264e-01
  -4.8977076e-01   4.9989535e-01  -4.8977076e-01  -4.9989535e-01  -1.0000000e+00   0.0000000e+00   9.7954153e-01
  -5.4481862e-01   4.9798724e-01  -5.4481862e-01  -4.9798724e-01  -1.0000000e+00   0.0000000e+00   1.0896372e+00
  -5.9986648e-01   4.8992518e-01  -5.9986648e-01  -4.8992518e-01  -1.0000000e+00   0.0000000e+00   1.1997330e+00
  -6.6728856e-01   4.7118419e-01  -6.6728856e-01  -4.7118419e-01  -1.0000000e+00   0.0000000e+00   1.3345771e+00
  -7.3471065e-01   4.4148716e-01  -7.3471065e-01  -4.4148716e-01  -1.0000000e+00   0.0000000e+00   1.4694213e+00
  -8.1728856e-01   3.8642977e-01  -8.1728856e-01  -3.8642977e-01  -1.0000000e+00   0.0000000e+00   1.6345771e+00
  -8.5857752e-01   3.4845683e-01  -8.5857752e-01  -3.4845683e-01  -1.0000000e+00   0.0000000e+00   1.7171550e+00
  -8.9986648e-01   3.0017795e-01  -8.9986648e-01  -3.0017795e-01  -1.0000000e+00   0.0000000e+00   1.7997330e+00
  -9.4943324e-01   2.1911131e-01  -9.4943324e-01  -2.1911131e-01  -1.0000000e+00   0.0000000e+00   1.8988665e+00
  -9.7421662e-01   1.5848848e-01  -9.7421662e-01  -1.5848848e-01  -1.0000000e+00   0.0000000e+00   1.9484332e+00
  -9.8660831e-01   1.1494500e-01  -9.8660831e-01  -1.1494500e-01  -1.0000000e+00   0.0000000e+00   1.9732166e+00
  -9.9900000e-01   3.1606962e-02  -9.9900000e-01  -3.1606962e-02  -1.0000000e+00   0.0000000e+00   1.9980000e+00
  -9.9900000e-01   3.1606959e-02  -9.9900000e-01  -3.1606959e-02  -1.0000000e+00   0.0000000e+00   1.9980000e+00
  -1.0000038e+00   1.0441091e-05  -1.0000038e+00  -1.0441091e-05  -9.9999236e-01   0.0000000e+00   2.0000000e+00
  -1.0000142e+00   0.0000000e+00  -9.9999289e-01  -4.6134081e-06  -9.9999289e-01   4.6134081e-06   2.0000000e+00
  -1.0326386e+00   0.0000000e+00  -1.0000000e+00   0.0000000e+00  -9.6936142e-01   0.0000000e+00   2.0020000e+00
  -1.0326386e+00   0.0000000e+00  -1.0000000e+00   0.0000000e+00  -9.6936141e-01   0.0000000e+00   2.0020000e+00
  -1.4376800e+00   0.0000000e+00  -1.0000000e+00   0.0000000e+00  -7.6661548e-01   0.0000000e+00   2.2042955e+00
  -2.0371624e+00   0.0000000e+00  -1.0000000e+00   0.0000000e+00  -6.6263734e-01   0.0000000e+00   2.6997997e+00
  -2.6926724e+00   0.0000000e+00  -1.0000000e+00   0.0000000e+00  -6.1401612e-01   0.0000000e+00   3.3066885e+00
  -3.4657030e+00   0.0000000e+00  -1.0000000e+00   0.0000000e+00  -5.8429705e-01   0.0000000e+00   4.0500000e+00
  -6.8810399e+01   0.0000000e+00  -1.0000000e+00   0.0000000e+00  -5.0365976e-01   0.0000000e+00   6.9314059e+01
             Inf   0.0000000e+00  -1.0000000e+00   0.0000000e+00  -5.0000000e-01   0.0000000e+00             Inf
