   0.0000000e+00   0.0000000e+00   0.0000000e+00   0.0000000e+00  -1.0000000e+00   0.0000000e+00   0.0000000e+00
  -4.9504950e-05   9.9502488e-03  -4.9504950e-05  -9.9502488e-03  -1.0000000e+00   0.0000000e+00   9.9009901e-05
  -6.2360557e-05   1.1167687e-02  -6.2360557e-05  -1.1167687e-02  -1.0000000e+00   0.0000000e+00   1.2472111e-04
  -7.8554549e-05   1.2534071e-02  -7.8554549e-05  -1.2534071e-02  -1.0000000e+00   0.0000000e+00   1.5710910e-04
  -9.8953850e-05   1.4067619e-02  -9.8953850e-05  -1.4067619e-02  -1.0000000e+00   0.0000000e+00   1.9790770e-04
  -1.2465051e-04   1.5788777e-02  -1.2465051e-04  -1.5788777e-02  -1.0000000e+00   0.0000000e+00   2.4930101e-04
  -1.5702016e-04   1.7720487e-02  -1.5702016e-04  -1.7720487e-02  -1.0000000e+00   0.0000000e+00   3.1404031e-04
  -1.9779566e-04   1.9888494e-02  -1.9779566e-04  -1.9888494e-02  -1.0000000e+00   0.0000000e+00   3.9559132e-04
  -2.4915988e-04   2.2321686e-02  -2.4915988e-04  -2.2321686e-02  -1.0000000e+00   0.0000000e+00   4.9831976e-04
  -3.1386253e-04   2.5052476e-02  -3.1386253e-04  -2.5052476e-02  -1.0000000e+00   0.0000000e+00   6.2772506e-04
  -3.9536737e-04   2.8117227e-02  -3.9536737e-04  -2.8117227e-02  -1.0000000e+00   0.0000000e+00   7.9073474e-04
  -4.9803766e-04   3.1556731e-02  -4.9803766e-04  -3.1556731e-02  -1.0000000e+00   0.0000000e+00   9.9607531e-04
  -6.2736969e-04   3.5416745e-02  -6.2736969e-04  -3.5416745e-02  -1.0000000e+00   0.0000000e+00   1.2547394e-03
  -7.9028709e-04   3.9748580e-02  -7.9028709e-04  -3.9748580e-02  -1.0000000e+00   0.0000000e+00   1.5805742e-03
  -9.9551142e-04   4.4609772e-02  -9.9551142e-04  -4.4609772e-02  -1.0000000e+00   0.0000000e+00   1.9910228e-03
  -1.2540291e-03   5.0064813e-02  -1.2540291e-03  -5.0064813e-02  -1.0000000e+00   0.0000000e+00   2.5080581e-03
  -1.5796794e-03   5.6185972e-02  -1.5796794e-03  -5.6185972e-02  -1.0000000e+00   0.0000000e+00   3.1593588e-03
  -1.9898957e-03   6.3054196e-02  -1.9898957e-03  -6.3054196e-02  -1.0000000e+00   0.0000000e+00   3.9797914e-03
  -2.5066383e-03   7.0760111e-02  -2.5066383e-03  -7.0760111e-02  -1.0000000e+00   0.0000000e+00   5.0132765e-03
  -3.1575702e-03   7.9405102e-02  -3.1575702e-03  -7.9405102e-02  -1.0000000e+00   0.0000000e+00   6.3151405e-03
  -3.9775383e-03   8.9102502e-02  -3.9775383e-03  -8.9102502e-02  -1.0000000e+00   0.0000000e+00   7.9550767e-03
  -5.0104384e-03   9.9978860e-02  -5.0104384e-03  -9.9978860e-02  -1.0000000e+00   0.0000000e+00   1.0020877e-02
  -6.3115654e-03   1.1217529e-01  -6.3115654e-03  -1.1217529e-01  -1.0000000e+00   0.0000000e+00   1.2623131e-02
  -7.9505732e-03   1.2584886e-01  -7.9505732e-03  -1.2584886e-01  -1.0000000e+00   0.0000000e+00   1.5901146e-02
  -1.0015204e-02   1.4117402e-01  -1.0015204e-02  -1.4117402e-01  -1.0000000e+00   0.0000000e+00   2.0030408e-02
  -1.2615985e-02   1.5834395e-01  -1.2615985e-02  -1.5834395e-01  -1.0000000e+00   0.0000000e+00   2.5231969e-02
  -1.5892144e-02   1.7757176e-01  -1.5892144e-02  -1.7757176e-01  -1.0000000e+00   0.0000000e+00   3.1784289e-02
  -2.0019068e-02   1.9909137e-01  -2.0019068e-02  -1.9909137e-01  -1.0000000e+00   0.0000000e+00   4.0038136e-02
  -2.5217685e-02   2.2315788e-01  -2.5217685e-02  -2.2315788e-01  -1.0000000e+00   0.0000000e+00   5.0435370e-02
  -3.1766295e-02   2.5004698e-01  -3.1766295e-02  -2.5004698e-01  -1.0000000e+00   0.0000000e+00   6.3532591e-02
  -4.0015470e-02   2.8005304e-01  -4.0015470e-02  -2.8005304e-01  -1.0000000e+00   0.0000000e+00   8.0030940e-02
  -5.0406818e-02   3.1348491e-01  -5.0406818e-02  -3.1348491e-01  -1.0000000e+00   0.0000000e+00   1.0081364e-01
  -6.3496624e-02   3.5065856e-01  -6.3496624e-02  -3.5065856e-01  -1.0000000e+00   0.0000000e+00   1.2699325e-01
  -7.9985634e-02   3.9188463e-01  -7.9985634e-02  -3.9188463e-01  -1.0000000e+00   0.0000000e+00   1.5997127e-01
  -1.0075656e-01   4.3744856e-01  -1.0075656e-01  -4.3744856e-01  -1.0000000e+00   0.0000000e+00   2.0151313e-01
  -1.2692135e-01   4.8757941e-01  -1.2692135e-01  -4.8757941e-01  -1.0000000e+00   0.0000000e+00   2.5384271e-01
  -1.5988070e-01   5.4240167e-01  -1.5988070e-01  -5.4240167e-01  -1.0000000e+00   0.0000000e+00   3.1976141e-01
  -2.0139905e-01   6.0186088e-01  -2.0139905e-01  -6.0186088e-01  -1.0000000e+00   0.0000000e+00   4.0279809e-01
  -2.5369900e-01   6.6560861e-01  -2.5369900e-01  -6.6560861e-01  -1.0000000e+00   0.0000000e+00   5.0739801e-01
  -3.1958039e-01   7.3282273e-01  -3.1958039e-01  -7.3282273e-01  -1.0000000e+00   0.0000000e+00   6.3916077e-01
  -4.0257006e-01   8.0192111e-01  -4.0257006e-01  -8.0192111e-01  -1.0000000e+00   0.0000000e+00   8.0514012e-01
  -5.0711076e-01   8.7009206e-01  -5.0711076e-01  -8.7009206e-01  -1.0000000e+00   0.0000000e+00   1.0142215e+00
  -6.3879894e-01   9.3248796e-01  -6.3879894e-01  -9.3248796e-01  -1.0000000e+00   0.0000000e+00   1.2775979e+00
  -8.0468432e-01   9.8074043e-01  -8.0468432e-01  -9.8074043e-01  -1.0000000e+00   0.0000000e+00   1.6093686e+00
  -9.0916584e-01   9.9586603e-01  -9.0916584e-01  -9.9586603e-01  -1.0000000e+00   0.0000000e+00   1.8183317e+00
  -1.0136474e+00   9.9990687e-01  -1.0136474e+00  -9.9990687e-01  -1.0000000e+00   0.0000000e+00   2.0272947e+00
  -1.1452610e+00   9.8939337e-01  -1.1452610e+00  -9.8939337e-01  -1.0000000e+00   0.0000000e+00   2.2905220e+00
  -1.2768746e+00   9.6090606e-01  -1.2768746e+00  -9.6090606e-01  -1.0000000e+00   0.0000000e+00   2.5537492e+00
  -1.4426661e+00   8.9668654e-01  -1.4426661e+00  -8.9668654e-01  -1.0000000e+00   0.0000000e+00   2.8853322e+00
  -1.5255618e+00   8.5075542e-01  -1.5255618e+00  -8.5075542e-01  -1.0000000e+00   0.0000000e+00   3.0511236e+00
  -1.6084575e+00   7.9358642e-01  -1.6084575e+00  -7.9358642e-01  -1.0000000e+00   0.0000000e+00   3.2169151e+00
  -1.7058432e+00   7.0836815e-01  -1.7058432e+00  -7.0836815e-01  -1.0000000e+00   0.0000000e+00   3.4116863e+00
  -1.8032288e+00   5.9567066e-01  -1.8032288e+00  -5.9567066e-01  -1.0000000e+00   0.0000000e+00   3.6064575e+00
  -1.9006144e+00   4.3461906e-01  -1.9006144e+00  -4.3461906e-01  -1.0000000e+00   0.0000000e+00   3.8012288e+00
  -1.9493072e+00   3.1434989e-01  -1.9493072e+00  -3.1434989e-01  -1.0000000e+00   0.0000000e+00   3.8986144e+00
  -1.9736536e+00   2.2803218e-01  -1.9736536e+00  -2.2803218e-01  -1.0000000e+00   0.0000000e+00   3.9473072e+00
  -1.9980000e+00   6.3213923e-02  -1.9980000e+00  -6.3213923e-02  -1.0000000e+00   0.0000000e+00   3.9960000e+00
  -2.0000000e+00   4.7852220e-08  -2.0000000e+00  -4.7852220e-08  -1.0000000e+00   0.0000000e+00   4.0000000e+00
  -1.9387228e+00   0.0000000e+00  -2.0652772e+00   0.0000000e+00  -1.0000000e+00   0.0000000e+00   4.0040000e+00
  -1.7959781e+00   0.0000000e+00  -2.2563160e+00   0.0000000e+00  -1.0000000e+00   0.0000000e+00   4.0522941e+00
  -1.3650183e+00   0.0000000e+00  -3.7395887e+00   0.0000000e+00  -1.0000000e+00   0.0000000e+00   5.1046070e+00
  -1.2385714e+00   0.0000000e+00  -5.1916165e+00   0.0000000e+00  -1.0000000e+00   0.0000000e+00   6.4301879e+00
  -1.1685941e+00   0.0000000e+00  -6.9314059e+00   0.0000000e+00  -1.0000000e+00   0.0000000e+00   8.1000000e+00
  -1.0073195e+00   0.0000000e+00  -1.3762080e+02   0.0000000e+00  -1.0000000e+00   0.0000000e+00   1.3862812e+02
  -1.0000000e+00   1.5141704e-08             Inf   0.0000000e+00  -1.0000000e+00  -1.5141704e-08             Inf
