   0.0000000e+00   0.0000000e+00   0.0000000e+00   0.0000000e+00  -1.0000000e+00   0.0000000e+00   0.0000000e+00
  -3.3112583e-05   9.9667774e-03  -3.3112583e-05  -9.9667774e-03  -1.0000000e+00   0.0000000e+00   6.6225166e-05
  -4.2404555e-05   1.1278824e-02  -4.2404555e-05  -1.1278824e-02  -1.0000000e+00   0.0000000e+00   8.4809110e-05
  -5.4304018e-05   1.2763585e-02  -5.4304018e-05  -1.2763585e-02  -1.0000000e+00   0.0000000e+00   1.0860804e-04
  -6.9542679e-05   1.4443795e-02  -6.9542679e-05  -1.4443795e-02  -1.0000000e+00   0.0000000e+00   1.3908536e-04
  -8.9057576e-05   1.6345177e-02  -8.9057576e-05  -1.6345177e-02  -1.0000000e+00   0.0000000e+00   1.7811515e-04
  -1.1404870e-04   1.8496840e-02  -1.1404870e-04  -1.8496840e-02  -1.0000000e+00   0.0000000e+00   2.2809739e-04
  -1.4605276e-04   2.0931721e-02  -1.4605276e-04  -2.0931721e-02  -1.0000000e+00   0.0000000e+00   2.9210553e-04
  -1.8703773e-04   2.3687090e-02  -1.8703773e-04  -2.3687090e-02  -1.0000000e+00   0.0000000e+00   3.7407547e-04
  -2.3952381e-04   2.6805112e-02  -2.3952381e-04  -2.6805112e-02  -1.0000000e+00   0.0000000e+00   4.7904761e-04
  -3.0673839e-04   3.0333498e-02  -3.0673839e-04  -3.0333498e-02  -1.0000000e+00   0.0000000e+00   6.1347679e-04
  -3.9281457e-04   3.4326221e-02  -3.9281457e-04  -3.4326221e-02  -1.0000000e+00   0.0000000e+00   7.8562915e-04
  -5.0304524e-04   3.8844339e-02  -5.0304524e-04  -3.8844339e-02  -1.0000000e+00   0.0000000e+00   1.0060905e-03
  -6.4420857e-04   4.3956919e-02  -6.4420857e-04  -4.3956919e-02  -1.0000000e+00   0.0000000e+00   1.2884171e-03
  -8.2498481e-04   4.9742073e-02  -8.2498481e-04  -4.9742073e-02  -1.0000000e+00   0.0000000e+00   1.6499696e-03
  -1.0564900e-03   5.6288133e-02  -1.0564900e-03  -5.6288133e-02  -1.0000000e+00   0.0000000e+00   2.1129801e-03
  -1.3529597e-03   6.3694965e-02  -1.3529597e-03  -6.3694965e-02  -1.0000000e+00   0.0000000e+00   2.7059194e-03
  -1.7326240e-03   7.2075446e-02  -1.7326240e-03  -7.2075446e-02  -1.0000000e+00   0.0000000e+00   3.4652479e-03
  -2.2188287e-03   8.1557114e-02  -2.2188287e-03  -8.1557114e-02  -1.0000000e+00   0.0000000e+00   4.4376573e-03
  -2.8414710e-03   9.2284012e-02  -2.8414710e-03  -9.2284012e-02  -1.0000000e+00   0.0000000e+00   5.6829419e-03
  -3.6388376e-03   1.0441873e-01  -3.6388376e-03  -1.0441873e-01  -1.0000000e+00   0.0000000e+00   7.2776752e-03
  -4.6599594e-03   1.1814467e-01  -4.6599594e-03  -1.1814467e-01  -1.0000000e+00   0.0000000e+00   9.3199187e-03
  -5.9676258e-03   1.3366849e-01  -5.9676258e-03  -1.3366849e-01  -1.0000000e+00   0.0000000e+00   1.1935252e-02
  -7.6422464e-03   1.5122280e-01  -7.6422464e-03  -1.5122280e-01  -1.0000000e+00   0.0000000e+00   1.5284493e-02
  -9.7867950e-03   1.7106900e-01  -9.7867950e-03  -1.7106900e-01  -1.0000000e+00   0.0000000e+00   1.9573590e-02
  -1.2533141e-02   1.9350025e-01  -1.2533141e-02  -1.9350025e-01  -1.0000000e+00   0.0000000e+00   2.5066283e-02
  -1.6050161e-02   2.1884441e-01  -1.6050161e-02  -2.1884441e-01  -1.0000000e+00   0.0000000e+00   3.2100322e-02
  -2.0554118e-02   2.4746693e-01  -2.0554118e-02  -2.4746693e-01  -1.0000000e+00   0.0000000e+00   4.1108236e-02
  -2.6321965e-02   2.7977321e-01  -2.6321965e-02  -2.7977321e-01  -1.0000000e+00   0.0000000e+00   5.2643930e-02
  -3.3708370e-02   3.1621015e-01  -3.3708370e-02  -3.1621015e-01  -1.0000000e+00   0.0000000e+00   6.7416741e-02
  -4.3167531e-02   3.5726623e-01  -4.3167531e-02  -3.5726623e-01  -1.0000000e+00   0.0000000e+00   8.6335062e-02
  -5.5281098e-02   4.0346908e-01  -5.5281098e-02  -4.0346908e-01  -1.0000000e+00   0.0000000e+00   1.1056220e-01
  -7.0793946e-02   4.5537902e-01  -7.0793946e-02  -4.5537902e-01  -1.0000000e+00   0.0000000e+00   1.4158789e-01
  -9.0659970e-02   5.1357636e-01  -9.0659970e-02  -5.1357636e-01  -1.0000000e+00   0.0000000e+00   1.8131994e-01
  -1.1610075e-01   5.7863880e-01  -1.1610075e-01  -5.7863880e-01  -1.0000000e+00   0.0000000e+00   2.3220150e-01
  -1.4868066e-01   6.5110371e-01  -1.4868066e-01  -6.5110371e-01  -1.0000000e+00   0.0000000e+00   2.9736132e-01
  -1.9040306e-01   7.3140677e-01  -1.9040306e-01  -7.3140677e-01  -1.0000000e+00   0.0000000e+00   3.8080613e-01
  -2.4383351e-01   8.1978396e-01  -2.4383351e-01  -8.1978396e-01  -1.0000000e+00   0.0000000e+00   4.8766701e-01
  -3.1225747e-01   9.1611554e-01  -3.1225747e-01  -9.1611554e-01  -1.0000000e+00   0.0000000e+00   6.2451494e-01
  -3.9988240e-01   1.0196770e+00  -3.9988240e-01  -1.0196770e+00  -1.0000000e+00   0.0000000e+00   7.9976481e-01
  -5.1209643e-01   1.1287367e+00  -5.1209643e-01  -1.1287367e+00  -1.0000000e+00   0.0000000e+00   1.0241929e+00
  -6.5579968e-01   1.2398894e+00  -6.5579968e-01  -1.2398894e+00  -1.0000000e+00   0.0000000e+00   1.3115994e+00
  -8.3982859e-01   1.3469127e+00  -8.3982859e-01  -1.3469127e+00  -1.0000000e+00   0.0000000e+00   1.6796572e+00
  -1.0754992e+00   1.4386796e+00  -1.0754992e+00  -1.4386796e+00  -1.0000000e+00   0.0000000e+00   2.1509985e+00
  -1.2264012e+00   1.4748368e+00  -1.2264012e+00  -1.4748368e+00  -1.0000000e+00   0.0000000e+00   2.4528025e+00
  -1.3773032e+00   1.4949734e+00  -1.3773032e+00  -1.4949734e+00  -1.0000000e+00   0.0000000e+00   2.7546064e+00
  -1.5705509e+00   1.4983399e+00  -1.5705509e+00  -1.4983399e+00  -1.0000000e+00   0.0000000e+00   3.1411019e+00
  -1.7637987e+00   1.4766212e+00  -1.7637987e+00  -1.4766212e+00  -1.0000000e+00   0.0000000e+00   3.5275974e+00
  -2.0112751e+00   1.4101765e+00  -2.0112751e+00  -1.4101765e+00  -1.0000000e+00   0.0000000e+00   4.0225503e+00
  -2.1350134e+00   1.3589548e+00  -2.1350134e+00  -1.3589548e+00  -1.0000000e+00   0.0000000e+00   4.2700267e+00
  -2.2587516e+00   1.2939459e+00  -2.2587516e+00  -1.2939459e+00  -1.0000000e+00   0.0000000e+00   4.5175031e+00
  -2.4172129e+00   1.1868953e+00  -2.4172129e+00  -1.1868953e+00  -1.0000000e+00   0.0000000e+00   4.8344258e+00
  -2.5756743e+00   1.0454305e+00  -2.5756743e+00  -1.0454305e+00  -1.0000000e+00   0.0000000e+00   5.1513485e+00
  -2.7341356e+00   8.5258978e-01  -2.7341356e+00  -8.5258978e-01  -1.0000000e+00   0.0000000e+00   5.4682712e+00
  -2.8133663e+00   7.2461649e-01  -2.8133663e+00  -7.2461649e-01  -1.0000000e+00   0.0000000e+00   5.6267325e+00
  -2.8925969e+00   5.5738118e-01  -2.8925969e+00  -5.5738118e-01  -1.0000000e+00   0.0000000e+00   5.7851939e+00
  -2.9447985e+00   4.0318406e-01  -2.9447985e+00  -4.0318406e-01  -1.0000000e+00   0.0000000e+00   5.8895969e+00
  -2.9970000e+00   9.4820884e-02  -2.9970000e+00  -9.4820884e-02  -1.0000000e+00   0.0000000e+00   5.9940000e+00
  -2.9999999e+00   0.0000000e+00  -3.0000001e+00   0.0000000e+00  -1.0000000e+00   0.0000000e+00   6.0000000e+00
  -2.9080842e+00   0.0000000e+00  -3.0979158e+00   0.0000000e+00  -1.0000000e+00   0.0000000e+00   6.0060000e+00
  -2.0890753e+00   0.0000000e+00  -5.3195456e+00   0.0000000e+00  -1.0000000e+00   0.0000000e+00   7.4086209e+00
  -1.8676494e+00   0.0000000e+00  -7.6199606e+00   0.0000000e+00  -1.0000000e+00   0.0000000e+00   9.4876100e+00
  -1.7528911e+00   0.0000000e+00  -1.0397109e+01   0.0000000e+00  -1.0000000e+00   0.0000000e+00   1.2150000e+01
  -1.5109793e+00   0.0000000e+00  -2.0643120e+02   0.0000000e+00  -1.0000000e+00   0.0000000e+00   2.0794218e+02
  -1.5000000e+00   0.0000000e+00             Inf   0.0000000e+00  -1.0000000e+00   0.0000000e+00             Inf
