   0.0000000e+00   0.0000000e+00   0.0000000e+00   0.0000000e+00  -1.0000000e+00   0.0000000e+00   0.0000000e+00
  -1.6611481e-05   9.9832511e-03  -1.6611481e-05  -9.9832511e-03  -1.0000111e+00   0.0000000e+00   4.4296303e-05
  -2.1822523e-05   1.1442419e-02  -2.1822523e-05  -1.1442419e-02  -1.0000145e+00   0.0000000e+00   5.8191703e-05
  -2.8668338e-05   1.3114852e-02  -2.8668338e-05  -1.3114852e-02  -1.0000191e+00   0.0000000e+00   7.6445980e-05
  -3.7661821e-05   1.5031716e-02  -3.7661821e-05  -1.5031716e-02  -1.0000251e+00   0.0000000e+00   1.0042648e-04
  -4.9476815e-05   1.7228728e-02  -4.9476815e-05  -1.7228728e-02  -1.0000330e+00   0.0000000e+00   1.3192947e-04
  -6.4998645e-05   1.9746822e-02  -6.4998645e-05  -1.9746822e-02  -1.0000433e+00   0.0000000e+00   1.7331471e-04
  -8.5390525e-05   2.2632906e-02  -8.5390525e-05  -2.2632906e-02  -1.0000569e+00   0.0000000e+00   2.2768216e-04
  -1.1218086e-04   2.5940734e-02  -1.1218086e-04  -2.5940734e-02  -1.0000747e+00   0.0000000e+00   2.9910425e-04
  -1.4737801e-04   2.9731902e-02  -1.4737801e-04  -2.9731902e-02  -1.0000982e+00   0.0000000e+00   3.9293089e-04
  -1.9362123e-04   3.4076983e-02  -1.9362123e-04  -3.4076983e-02  -1.0001289e+00   0.0000000e+00   5.1619021e-04
  -2.5437922e-04   3.9056826e-02  -2.5437922e-04  -3.9056826e-02  -1.0001694e+00   0.0000000e+00   6.7811500e-04
  -3.3421139e-04   4.4764046e-02  -3.3421139e-04  -4.4764046e-02  -1.0002224e+00   0.0000000e+00   8.9083432e-04
  -4.3911191e-04   5.1304706e-02  -4.3911191e-04  -5.1304706e-02  -1.0002921e+00   0.0000000e+00   1.1702820e-03
  -5.7696306e-04   5.8800248e-02  -5.7696306e-04  -5.8800248e-02  -1.0003835e+00   0.0000000e+00   1.5373902e-03
  -7.5813307e-04   6.7389672e-02  -7.5813307e-04  -6.7389672e-02  -1.0005034e+00   0.0000000e+00   2.0196574e-03
  -9.9626549e-04   7.7232013e-02  -9.9626549e-04  -7.7232013e-02  -1.0006607e+00   0.0000000e+00   2.6532079e-03
  -1.3093230e-03   8.8509121e-02  -1.3093230e-03  -8.8509121e-02  -1.0008669e+00   0.0000000e+00   3.4854983e-03
  -1.7209702e-03   1.0142879e-01  -1.7209702e-03  -1.0142879e-01  -1.0011369e+00   0.0000000e+00   4.5788716e-03
  -2.2624091e-03   1.1622823e-01  -2.2624091e-03  -1.1622823e-01  -1.0014904e+00   0.0000000e+00   6.0152274e-03
  -2.9748242e-03   1.3317791e-01  -2.9748242e-03  -1.3317791e-01  -1.0019525e+00   0.0000000e+00   7.9021567e-03
  -3.9126468e-03   1.5258572e-01  -3.9126468e-03  -1.5258572e-01  -1.0025557e+00   0.0000000e+00   1.0381001e-02
  -5.1479334e-03   1.7480144e-01  -5.1479334e-03  -1.7480144e-01  -1.0033416e+00   0.0000000e+00   1.3637439e-02
  -6.7762603e-03   2.0022143e-01  -6.7762603e-03  -2.0022143e-01  -1.0043629e+00   0.0000000e+00   1.7915395e-02
  -8.9246938e-03   2.2929329e-01  -8.9246938e-03  -2.2929329e-01  -1.0056859e+00   0.0000000e+00   2.3535313e-02
  -1.1762609e-02   2.6252042e-01  -1.1762609e-02  -2.6252042e-01  -1.0073929e+00   0.0000000e+00   3.0918155e-02
  -1.5516419e-02   3.0046595e-01  -1.5516419e-02  -3.0046595e-01  -1.0095841e+00   0.0000000e+00   4.0616936e-02
  -2.0489657e-02   3.4375577e-01  -2.0489657e-02  -3.4375577e-01  -1.0123788e+00   0.0000000e+00   5.3358148e-02
  -2.7090318e-02   3.9307976e-01  -2.7090318e-02  -3.9307976e-01  -1.0159155e+00   0.0000000e+00   7.0096177e-02
  -3.5867937e-02   4.4919066e-01  -3.5867937e-02  -4.4919066e-01  -1.0203489e+00   0.0000000e+00   9.2084794e-02
  -4.7563491e-02   5.1289907e-01  -4.7563491e-02  -5.1289907e-01  -1.0258441e+00   0.0000000e+00   1.2097107e-01
  -6.3175879e-02   5.8506269e-01  -6.3175879e-02  -5.8506269e-01  -1.0325670e+00   0.0000000e+00   1.5891873e-01
  -8.4049468e-02   6.6656642e-01  -8.4049468e-02  -6.6656642e-01  -1.0406713e+00   0.0000000e+00   2.0877028e-01
  -1.1198813e-01   7.5828734e-01  -1.1198813e-01  -7.5828734e-01  -1.0502836e+00   0.0000000e+00   2.7425987e-01
  -1.4940260e-01   8.6103418e-01  -1.4940260e-01  -8.6103418e-01  -1.0614878e+00   0.0000000e+00   3.6029303e-01
  -1.9950033e-01   9.7544356e-01  -1.9950033e-01  -9.7544356e-01  -1.0743134e+00   0.0000000e+00   4.7331410e-01
  -2.6653038e-01   1.1018032e+00  -2.6653038e-01  -1.1018032e+00  -1.0887282e+00   0.0000000e+00   6.2178900e-01
  -3.5610085e-01   1.2397521e+00  -3.5610085e-01  -1.2397521e+00  -1.1046376e+00   0.0000000e+00   8.1683929e-01
  -4.7559282e-01   1.3877723e+00  -4.7559282e-01  -1.3877723e+00  -1.1218897e+00   0.0000000e+00   1.0730753e+00
  -6.3470256e-01   1.5423165e+00  -6.3470256e-01  -1.5423165e+00  -1.1402855e+00   0.0000000e+00   1.4096906e+00
  -8.4615406e-01   1.6962711e+00  -8.4615406e-01  -1.6962711e+00  -1.1595912e+00   0.0000000e+00   1.8518994e+00
  -1.1266366e+00   1.8361135e+00  -1.1266366e+00  -1.8361135e+00  -1.1795523e+00   0.0000000e+00   2.4328255e+00
  -1.3120078e+00   1.8969054e+00  -1.3120078e+00  -1.8969054e+00  -1.1903889e+00   0.0000000e+00   2.8144046e+00
  -1.4980389e+00   1.9361868e+00  -1.4980389e+00  -1.9361868e+00  -1.1999058e+00   0.0000000e+00   3.1959837e+00
  -1.7432080e+00   1.9574216e+00  -1.7432080e+00  -1.9574216e+00  -1.2108452e+00   0.0000000e+00   3.6972611e+00
  -1.9890730e+00   1.9453289e+00  -1.9890730e+00  -1.9453289e+00  -1.2203925e+00   0.0000000e+00   4.1985385e+00
  -2.3128809e+00   1.8777820e+00  -2.3128809e+00  -1.8777820e+00  -1.2313010e+00   0.0000000e+00   4.8570627e+00
  -2.4750665e+00   1.8203589e+00  -2.4750665e+00  -1.8203589e+00  -1.2361918e+00   0.0000000e+00   5.1863248e+00
  -2.6374104e+00   1.7452817e+00  -2.6374104e+00  -1.7452817e+00  -1.2407661e+00   0.0000000e+00   5.5155869e+00
  -2.8508914e+00   1.6156706e+00  -2.8508914e+00  -1.6156706e+00  -1.2463531e+00   0.0000000e+00   5.9481359e+00
  -3.0645823e+00   1.4420874e+00  -3.0645823e+00  -1.4420874e+00  -1.2515203e+00   0.0000000e+00   6.3806849e+00
  -3.2784561e+00   1.2057513e+00  -3.2784561e+00  -1.2057513e+00  -1.2563217e+00   0.0000000e+00   6.8132339e+00
  -3.3854546e+00   1.0513617e+00  -3.3854546e+00  -1.0513617e+00  -1.2585992e+00   0.0000000e+00   7.0295084e+00
  -3.4924908e+00   8.5626099e-01  -3.4924908e+00  -8.5626099e-01  -1.2608013e+00   0.0000000e+00   7.2457829e+00
  -3.5874113e+00   6.1921342e-01  -3.5874113e+00  -6.1921342e-01  -1.2626938e+00   0.0000000e+00   7.4375164e+00
  -3.6348816e+00   4.4896232e-01  -3.6348816e+00  -4.4896232e-01  -1.2636200e+00   0.0000000e+00   7.5333832e+00
  -3.6823583e+00   1.2270950e-01  -3.6823583e+00  -1.2270950e-01  -1.2645333e+00   0.0000000e+00   7.6292499e+00
  -3.6861407e+00   4.2397306e-08  -3.6861407e+00  -4.2397306e-08  -1.2646055e+00   0.0000000e+00   7.6368868e+00
  -3.5670933e+00   0.0000000e+00  -3.8127527e+00   0.0000000e+00  -1.2646776e+00   0.0000000e+00   7.6445237e+00
  -2.4723776e+00   0.0000000e+00  -6.7660513e+00   0.0000000e+00  -1.2802988e+00   0.0000000e+00   9.5187277e+00
  -2.1548564e+00   0.0000000e+00  -1.0050732e+01   0.0000000e+00  -1.2990893e+00   0.0000000e+00   1.2504677e+01
  -1.9870981e+00   0.0000000e+00  -1.4123163e+01   0.0000000e+00  -1.3170350e+00   0.0000000e+00   1.6427296e+01
  -1.8793779e+00   0.0000000e+00  -1.9367000e+01   0.0000000e+00  -1.3340303e+00   0.0000000e+00   2.1580409e+01
  -1.8036890e+00   0.0000000e+00  -2.6196323e+01   0.0000000e+00  -1.3500000e+00   0.0000000e+00   2.8350012e+01
  -1.5502388e+00   0.0000000e+00  -5.2191926e+02   0.0000000e+00  -1.4569711e+00   0.0000000e+00   5.2392647e+02
  -1.5000000e+00   0.0000000e+00             Inf   0.0000000e+00  -1.5000000e+00   0.0000000e+00             Inf
