   0.0000000e+00   0.0000000e+00   0.0000000e+00   0.0000000e+00  -1.0000000e+00   0.0000000e+00   0.0000000e+00
  -8.3200225e-06   9.9915082e-03  -8.3200225e-06  -9.9915082e-03  -1.0000166e+00   0.0000000e+00   3.3277322e-05
  -1.1089155e-05   1.1534819e-02  -1.1089155e-05  -1.1534819e-02  -1.0000222e+00   0.0000000e+00   4.4351705e-05
  -1.4780068e-05   1.3316499e-02  -1.4780068e-05  -1.3316499e-02  -1.0000296e+00   0.0000000e+00   5.9111538e-05
  -1.9699705e-05   1.5373361e-02  -1.9699705e-05  -1.5373361e-02  -1.0000394e+00   0.0000000e+00   7.8783307e-05
  -2.6257303e-05   1.7747894e-02  -2.6257303e-05  -1.7747894e-02  -1.0000525e+00   0.0000000e+00   1.0500166e-04
  -3.4998542e-05   2.0489146e-02  -3.4998542e-05  -2.0489146e-02  -1.0000699e+00   0.0000000e+00   1.3994523e-04
  -4.6651153e-05   2.3653726e-02  -4.6651153e-05  -2.3653726e-02  -1.0000932e+00   0.0000000e+00   1.8651770e-04
  -6.2185851e-05   2.7306971e-02  -6.2185851e-05  -2.7306971e-02  -1.0001242e+00   0.0000000e+00   2.4858905e-04
  -8.2897817e-05   3.1524279e-02  -8.2897817e-05  -3.1524279e-02  -1.0001655e+00   0.0000000e+00   3.3131717e-04
  -1.1051578e-04   3.6392650e-02  -1.1051578e-04  -3.6392650e-02  -1.0002205e+00   0.0000000e+00   4.4157643e-04
  -1.4734826e-04   4.2012457e-02  -1.4734826e-04  -4.2012457e-02  -1.0002938e+00   0.0000000e+00   5.8852895e-04
  -1.9647993e-04   4.8499468e-02  -1.9647993e-04  -4.8499468e-02  -1.0003914e+00   0.0000000e+00   7.8438590e-04
  -2.6203606e-04   5.5987175e-02  -2.6203606e-04  -5.5987175e-02  -1.0005214e+00   0.0000000e+00   1.0454222e-03
  -3.4953955e-04   6.4629443e-02  -3.4953955e-04  -6.4629443e-02  -1.0006942e+00   0.0000000e+00   1.3933290e-03
  -4.6639499e-04   7.4603525e-02  -4.6639499e-04  -7.4603525e-02  -1.0009242e+00   0.0000000e+00   1.8570159e-03
  -6.2254817e-04   8.6113482e-02  -6.2254817e-04  -8.6113482e-02  -1.0012299e+00   0.0000000e+00   2.4750135e-03
  -8.3138986e-04   9.9394019e-02  -8.3138986e-04  -9.9394019e-02  -1.0016359e+00   0.0000000e+00   3.2986749e-03
  -1.1110035e-03   1.1471477e-01  -1.1110035e-03  -1.1471477e-01  -1.0021744e+00   0.0000000e+00   4.3964431e-03
  -1.4859018e-03   1.3238501e-01  -1.4859018e-03  -1.3238501e-01  -1.0028877e+00   0.0000000e+00   5.8595384e-03
  -1.9894654e-03   1.5275881e-01  -1.9894654e-03  -1.5275881e-01  -1.0038306e+00   0.0000000e+00   7.8095382e-03
  -2.6674004e-03   1.7624045e-01  -2.6674004e-03  -1.7624045e-01  -1.0050737e+00   0.0000000e+00   1.0408480e-02
  -3.5826841e-03   2.0329012e-01  -3.5826841e-03  -2.0329012e-01  -1.0067070e+00   0.0000000e+00   1.3872325e-02
  -4.8226875e-03   2.3442960e-01  -4.8226875e-03  -2.3442960e-01  -1.0088435e+00   0.0000000e+00   1.8488905e-02
  -6.5094790e-03   2.7024765e-01  -6.5094790e-03  -2.7024765e-01  -1.0116229e+00   0.0000000e+00   2.4641840e-02
  -8.8147213e-03   3.1140506e-01  -8.8147213e-03  -3.1140506e-01  -1.0152130e+00   0.0000000e+00   3.2842415e-02
  -1.1981086e-02   3.5863884e-01  -1.1981086e-02  -3.5863884e-01  -1.0198099e+00   0.0000000e+00   4.3772065e-02
  -1.6352671e-02   4.1276554e-01  -1.6352671e-02  -4.1276554e-01  -1.0256337e+00   0.0000000e+00   5.8339000e-02
  -2.2417441e-02   4.7468361e-01  -2.2417441e-02  -4.7468361e-01  -1.0329188e+00   0.0000000e+00   7.7753675e-02
  -3.0865167e-02   5.4537452e-01  -3.0865167e-02  -5.4537452e-01  -1.0418990e+00   0.0000000e+00   1.0362937e-01
  -4.2664685e-02   6.2590175e-01  -4.2664685e-02  -6.2590175e-01  -1.0527869e+00   0.0000000e+00   1.3811626e-01
  -5.9164850e-02   7.1740493e-01  -5.9164850e-02  -7.1740493e-01  -1.0657504e+00   0.0000000e+00   1.8408007e-01
  -8.2224683e-02   8.2108342e-01  -8.2224683e-02  -8.2108342e-01  -1.0808908e+00   0.0000000e+00   2.4534020e-01
  -1.1438054e-01   9.3815812e-01  -1.1438054e-01  -9.3815812e-01  -1.0982260e+00   0.0000000e+00   3.2698713e-01
  -1.5906203e-01   1.0697929e+00  -1.5906203e-01  -1.0697929e+00  -1.1176813e+00   0.0000000e+00   4.3580540e-01
  -2.2087375e-01   1.2169451e+00  -2.2087375e-01  -1.2169451e+00  -1.1390899e+00   0.0000000e+00   5.8083737e-01
  -3.0596694e-01   1.3800962e+00  -3.0596694e-01  -1.3800962e+00  -1.1622007e+00   0.0000000e+00   7.7413463e-01
  -4.2253339e-01   1.5587780e+00  -4.2253339e-01  -1.5587780e+00  -1.1866926e+00   0.0000000e+00   1.0317594e+00
  -5.8146452e-01   1.7507500e+00  -5.8146452e-01  -1.7507500e+00  -1.2121903e+00   0.0000000e+00   1.3751193e+00
  -7.9723214e-01   1.9505477e+00  -7.9723214e-01  -1.9505477e+00  -1.2382820e+00   0.0000000e+00   1.8327462e+00
  -1.0890652e+00   2.1468456e+00  -1.0890652e+00  -2.1468456e+00  -1.2645366e+00   0.0000000e+00   2.4426671e+00
  -1.2852980e+00   2.2435143e+00  -1.2852980e+00  -2.2435143e+00  -1.2785195e+00   0.0000000e+00   2.8491155e+00
  -1.4825216e+00   2.3173592e+00  -1.4825216e+00  -2.3173592e+00  -1.2905207e+00   0.0000000e+00   3.2555639e+00
  -2.0115858e+00   2.4178972e+00  -2.0115858e+00  -2.4178972e+00  -1.3158137e+00   0.0000000e+00   4.3389853e+00
  -2.1886527e+00   2.4228041e+00  -2.1886527e+00  -2.4228041e+00  -1.3226733e+00   0.0000000e+00   4.6999787e+00
  -2.3660145e+00   2.4138725e+00  -2.3660145e+00  -2.4138725e+00  -1.3289432e+00   0.0000000e+00   5.0609722e+00
  -2.7214677e+00   2.3537859e+00  -2.7214677e+00  -2.3537859e+00  -1.3400237e+00   0.0000000e+00   5.7829591e+00
  -2.9587850e+00   2.2807423e+00  -2.9587850e+00  -2.2807423e+00  -1.3465178e+00   0.0000000e+00   6.2640878e+00
  -3.1963953e+00   2.1784258e+00  -3.1963953e+00  -2.1784258e+00  -1.3524260e+00   0.0000000e+00   6.7452166e+00
  -3.4342568e+00   2.0424993e+00  -3.4342568e+00  -2.0424993e+00  -1.3578316e+00   0.0000000e+00   7.2263453e+00
  -3.6723361e+00   1.8656833e+00  -3.6723361e+00  -1.8656833e+00  -1.3628018e+00   0.0000000e+00   7.7074740e+00
  -3.8868302e+00   1.6608685e+00  -3.8868302e+00  -1.6608685e+00  -1.3669496e+00   0.0000000e+00   8.1406100e+00
  -4.1014615e+00   1.3933304e+00  -4.1014615e+00  -1.3933304e+00  -1.3708229e+00   0.0000000e+00   8.5737460e+00
  -4.3162158e+00   1.0146525e+00  -4.3162158e+00  -1.0146525e+00  -1.3744503e+00   0.0000000e+00   9.0068819e+00
  -4.4236352e+00   7.3354883e-01  -4.4236352e+00  -7.3354883e-01  -1.3761795e+00   0.0000000e+00   9.2234499e+00
  -4.4773548e+00   5.3245634e-01  -4.4773548e+00  -5.3245634e-01  -1.3770243e+00   0.0000000e+00   9.3317339e+00
  -4.5310808e+00   1.5169998e-01  -4.5310808e+00  -1.5169998e-01  -1.3778563e+00   0.0000000e+00   9.4400179e+00
  -4.5357694e+00   0.0000000e+00  -4.5357697e+00   0.0000000e+00  -1.3779283e+00   0.0000000e+00   9.4494674e+00
  -4.3886100e+00   0.0000000e+00  -4.6923066e+00   0.0000000e+00  -1.3780002e+00   0.0000000e+00   9.4589169e+00
  -3.4688684e+00   0.0000000e+00  -6.4197246e+00   0.0000000e+00  -1.3838565e+00   0.0000000e+00   1.0272449e+01
  -2.7882247e+00   0.0000000e+00  -1.0499835e+01   0.0000000e+00  -1.4029655e+00   0.0000000e+00   1.3691025e+01
  -2.5181700e+00   0.0000000e+00  -1.5309114e+01   0.0000000e+00  -1.4199859e+00   0.0000000e+00   1.8247270e+01
  -2.3625524e+00   0.0000000e+00  -2.1522380e+01   0.0000000e+00  -1.4348595e+00   0.0000000e+00   2.4319792e+01
  -2.2613783e+00   0.0000000e+00  -2.9704202e+01   0.0000000e+00  -1.4476112e+00   0.0000000e+00   3.2413192e+01
  -2.1915620e+00   0.0000000e+00  -4.0550096e+01   0.0000000e+00  -1.4583419e+00   0.0000000e+00   4.3200000e+01
  -2.0098655e+00   0.0000000e+00  -8.0849479e+02   0.0000000e+00  -1.4972658e+00   0.0000000e+00   8.1100192e+02
  -2.0000000e+00   0.0000000e+00             Inf   0.0000000e+00  -1.5000000e+00   0.0000000e+00             Inf
