   0.0000000e+00   0.0000000e+00   0.0000000e+00   0.0000000e+00  -1.0000000e+00   0.0000000e+00   0.0000000e+00
  -7.3896443e-05   9.9260449e-03  -7.3896443e-05  -9.9260449e-03  -9.9995073e-01   0.0000000e+00   9.8526973e-05
  -9.4083486e-05   1.1200047e-02  -9.4083486e-05  -1.1200047e-02  -9.9993728e-01   0.0000000e+00   1.2544203e-04
  -1.1978538e-04   1.2637563e-02  -1.1978538e-04  -1.2637563e-02  -9.9992014e-01   0.0000000e+00   1.5970958e-04
  -1.5250879e-04   1.4259579e-02  -1.5250879e-04  -1.4259579e-02  -9.9989832e-01   0.0000000e+00   2.0333816e-04
  -1.9417210e-04   1.6089772e-02  -1.9417210e-04  -1.6089772e-02  -9.9987054e-01   0.0000000e+00   2.5888496e-04
  -2.4721787e-04   1.8154860e-02  -2.4721787e-04  -1.8154860e-02  -9.9983517e-01   0.0000000e+00   3.2960572e-04
  -3.1475620e-04   2.0484985e-02  -3.1475620e-04  -2.0484985e-02  -9.9979013e-01   0.0000000e+00   4.1964558e-04
  -4.0074721e-04   2.3114157e-02  -4.0074721e-04  -2.3114157e-02  -9.9973279e-01   0.0000000e+00   5.3428204e-04
  -5.1023353e-04   2.6080748e-02  -5.1023353e-04  -2.6080748e-02  -9.9965977e-01   0.0000000e+00   6.8023425e-04
  -6.4963642e-04   2.9428051e-02  -6.4963642e-04  -2.9428051e-02  -9.9956678e-01   0.0000000e+00   8.6605688e-04
  -8.2713310e-04   3.3204908e-02  -8.2713310e-04  -3.3204908e-02  -9.9944838e-01   0.0000000e+00   1.1026415e-03
  -1.0531376e-03   3.7466421e-02  -1.0531376e-03  -3.7466421e-02  -9.9929758e-01   0.0000000e+00   1.4038550e-03
  -1.3409136e-03   4.2274750e-02  -1.3409136e-03  -4.2274750e-02  -9.9910553e-01   0.0000000e+00   1.7873523e-03
  -1.7073558e-03   4.7700015e-02  -1.7073558e-03  -4.7700015e-02  -9.9886090e-01   0.0000000e+00   2.2756114e-03
  -2.1739870e-03   5.3821309e-02  -2.1739870e-03  -5.3821309e-02  -9.9854928e-01   0.0000000e+00   2.8972503e-03
  -2.7682296e-03   6.0727839e-02  -2.7682296e-03  -6.0727839e-02  -9.9815225e-01   0.0000000e+00   3.6887051e-03
  -3.5250307e-03   6.8520210e-02  -3.5250307e-03  -6.8520210e-02  -9.9764630e-01   0.0000000e+00   4.6963651e-03
  -4.4889379e-03   7.7311868e-02  -4.4889379e-03  -7.7311868e-02  -9.9700142e-01   0.0000000e+00   5.9792921e-03
  -5.7167551e-03   8.7230723e-02  -5.7167551e-03  -8.7230723e-02  -9.9617917e-01   0.0000000e+00   7.6126820e-03
  -7.2809454e-03   9.8420978e-02  -7.2809454e-03  -9.8420978e-02  -9.9513038e-01   0.0000000e+00   9.6922724e-03
  -9.2739959e-03   1.1104518e-01  -9.2739959e-03  -1.1104518e-01  -9.9379196e-01   0.0000000e+00   1.2339954e-02
  -1.1814030e-02   1.2528655e-01  -1.1814030e-02  -1.2528655e-01  -9.9208285e-01   0.0000000e+00   1.5710914e-02
  -1.5052038e-02   1.4135164e-01  -1.5052038e-02  -1.4135164e-01  -9.8989866e-01   0.0000000e+00   2.0002734e-02
  -1.9181230e-02   1.5947335e-01  -1.9181230e-02  -1.5947335e-01  -9.8710451e-01   0.0000000e+00   2.5466971e-02
  -2.4449152e-02   1.7991456e-01  -2.4449152e-02  -1.7991456e-01  -9.8352559e-01   0.0000000e+00   3.2423897e-02
  -3.1173483e-02   2.0297247e-01  -3.1173483e-02  -2.0297247e-01  -9.7893431e-01   0.0000000e+00   4.1281277e-02
  -3.9762672e-02   2.2898433e-01  -3.9762672e-02  -2.2898433e-01  -9.7303292e-01   0.0000000e+00   5.2558268e-02
  -5.0743015e-02   2.5833528e-01  -5.0743015e-02  -2.5833528e-01  -9.6542981e-01   0.0000000e+00   6.6915845e-02
  -6.4794171e-02   2.9147045e-01  -6.4794171e-02  -2.9147045e-01  -9.5560720e-01   0.0000000e+00   8.5195545e-02
  -8.2795369e-02   3.2891493e-01  -8.2795369e-02  -3.2891493e-01  -9.4287805e-01   0.0000000e+00   1.0846879e-01
  -1.0588371e-01   3.7130969e-01  -1.0588371e-01  -3.7130969e-01  -9.2633228e-01   0.0000000e+00   1.3809970e-01
  -1.3552097e-01   4.1947875e-01  -1.3552097e-01  -4.1947875e-01  -9.0478306e-01   0.0000000e+00   1.7582501e-01
  -1.7354686e-01   4.7455517e-01  -1.7354686e-01  -4.7455517e-01  -8.7676219e-01   0.0000000e+00   2.2385591e-01
  -2.2213966e-01   5.3819591e-01  -2.2213966e-01  -5.3819591e-01  -8.4072831e-01   0.0000000e+00   2.8500763e-01
  -2.8348033e-01   6.1282449e-01  -2.8348033e-01  -6.1282449e-01  -7.9590377e-01   0.0000000e+00   3.6286443e-01
  -3.5889960e-01   7.0141716e-01  -3.5889960e-01  -7.0141716e-01  -7.4419053e-01   0.0000000e+00   4.6198973e-01
  -4.4825650e-01   8.0588420e-01  -4.4825650e-01  -8.0588420e-01  -6.9168053e-01   0.0000000e+00   5.8819353e-01
  -5.5161598e-01   9.2499214e-01  -5.5161598e-01  -9.2499214e-01  -6.4564102e-01   0.0000000e+00   7.4887298e-01
  -6.7201976e-01   1.0549588e+00  -6.7201976e-01  -1.0549588e+00  -6.0940643e-01   0.0000000e+00   9.5344595e-01
  -8.1580264e-01   1.1912781e+00  -8.1580264e-01  -1.1912781e+00  -5.8229776e-01   0.0000000e+00   1.2139030e+00
  -9.9161462e-01   1.3286625e+00  -9.9161462e-01  -1.3286625e+00  -5.6228112e-01   0.0000000e+00   1.5455104e+00
  -1.2101254e+00   1.4594117e+00  -1.2101254e+00  -1.4594117e+00  -5.4745345e-01   0.0000000e+00   1.9677043e+00
  -1.4844269e+00   1.5707096e+00  -1.4844269e+00  -1.5707096e+00  -5.3637713e-01   0.0000000e+00   2.5052309e+00
  -1.6578751e+00   1.6146582e+00  -1.6578751e+00  -1.6146582e+00  -5.3166324e-01   0.0000000e+00   2.8474134e+00
  -1.8307839e+00   1.6397589e+00  -1.8307839e+00  -1.6397589e+00  -5.2802819e-01   0.0000000e+00   3.1895960e+00
  -2.0504010e+00   1.6456965e+00  -2.0504010e+00  -1.6456965e+00  -5.2445198e-01   0.0000000e+00   3.6252541e+00
  -2.2696141e+00   1.6226798e+00  -2.2696141e+00  -1.6226798e+00  -5.2168398e-01   0.0000000e+00   4.0609122e+00
  -2.5483146e+00   1.5492387e+00  -2.5483146e+00  -1.5492387e+00  -5.1895164e-01   0.0000000e+00   4.6155809e+00
  -2.6875436e+00   1.4919874e+00  -2.6875436e+00  -1.4919874e+00  -5.1782818e-01   0.0000000e+00   4.8929153e+00
  -2.8267097e+00   1.4189707e+00  -2.8267097e+00  -1.4189707e+00  -5.1683036e-01   0.0000000e+00   5.1702497e+00
  -3.0038170e+00   1.2989395e+00  -3.0038170e+00  -1.2989395e+00  -5.1571073e-01   0.0000000e+00   5.5233447e+00
  -3.1808545e+00   1.1396038e+00  -3.1808545e+00  -1.1396038e+00  -5.1473070e-01   0.0000000e+00   5.8764398e+00
  -3.3578346e+00   9.2077799e-01  -3.3578346e+00  -9.2077799e-01  -5.1386570e-01   0.0000000e+00   6.2295348e+00
  -3.4463061e+00   7.7396991e-01  -3.4463061e+00  -7.7396991e-01  -5.1347019e-01   0.0000000e+00   6.4060823e+00
  -3.5347666e+00   5.7848597e-01  -3.5347666e+00  -5.7848597e-01  -5.1309661e-01   0.0000000e+00   6.5826299e+00
  -3.5856527e+00   4.1891277e-01  -3.5856527e+00  -4.1891277e-01  -5.1289093e-01   0.0000000e+00   6.6841964e+00
  -3.6365357e+00   1.0570242e-01  -3.6365357e+00  -1.0570242e-01  -5.1269161e-01   0.0000000e+00   6.7857630e+00
  -3.6399385e+00   1.2552681e-07  -3.6399385e+00  -1.2552681e-07  -5.1267850e-01   0.0000000e+00   6.7925555e+00
  -3.5375299e+00   0.0000000e+00  -3.7491528e+00   0.0000000e+00  -5.1266541e-01   0.0000000e+00   6.7993481e+00
  -2.6337017e+00   0.0000000e+00  -6.2369229e+00   0.0000000e+00  -5.1021168e-01   0.0000000e+00   8.3808362e+00
  -2.3962305e+00   0.0000000e+00  -8.7660614e+00   0.0000000e+00  -5.0797481e-01   0.0000000e+00   1.0670267e+01
  -2.2730833e+00   0.0000000e+00  -1.1805792e+01   0.0000000e+00  -5.0623562e-01   0.0000000e+00   1.3585111e+01
  -2.0114671e+00   0.0000000e+00  -2.3460402e+02   0.0000000e+00  -5.0035327e-01   0.0000000e+00   2.3611584e+02
  -2.0000000e+00   0.0000000e+00             Inf   0.0000000e+00  -5.0000000e-01   0.0000000e+00             Inf
