   0.0000000e+00   0.0000000e+00   0.0000000e+00   0.0000000e+00  -1.0000000e+00   0.0000000e+00   0.0000000e+00
  -1.2497507e-09   9.9997513e-03  -1.2497507e-09  -9.9997513e-03  -1.0000250e+00   0.0000000e+00   2.4999381e-05
  -2.2833997e-09   1.1626063e-02  -2.2833997e-09  -1.1626063e-02  -1.0000338e+00   0.0000000e+00   3.3792474e-05
  -4.1718862e-09   1.3516848e-02  -4.1718862e-09  -1.3516848e-02  -1.0000457e+00   0.0000000e+00   4.5678384e-05
  -7.6220549e-09   1.5715106e-02  -7.6220549e-09  -1.5715106e-02  -1.0000617e+00   0.0000000e+00   6.1744953e-05
  -1.3925057e-08   1.8270817e-02  -1.3925057e-08  -1.8270817e-02  -1.0000834e+00   0.0000000e+00   8.3462656e-05
  -2.5439116e-08   2.1242077e-02  -2.5439116e-08  -2.1242077e-02  -1.0001128e+00   0.0000000e+00   1.1281918e-04
  -4.6470806e-08   2.4696405e-02  -4.6470806e-08  -2.4696405e-02  -1.0001524e+00   0.0000000e+00   1.5250134e-04
  -8.4883271e-08   2.8712266e-02  -8.4883271e-08  -2.8712266e-02  -1.0002060e+00   0.0000000e+00   2.0614101e-04
  -1.5502974e-07   3.3380830e-02  -1.5502974e-07  -3.3380830e-02  -1.0002783e+00   0.0000000e+00   2.7864749e-04
  -2.8310126e-07   3.8808002e-02  -2.8310126e-07  -3.8808002e-02  -1.0003761e+00   0.0000000e+00   3.7665685e-04
  -5.1686761e-07   4.5116769e-02  -5.1686761e-07  -4.5116769e-02  -1.0005081e+00   0.0000000e+00   5.0913929e-04
  -9.4340129e-07   5.2449902e-02  -9.4340129e-07  -5.2449902e-02  -1.0006863e+00   0.0000000e+00   6.8822009e-04
  -1.7212794e-06   6.0973042e-02  -1.7212794e-06  -6.0973042e-02  -1.0009268e+00   0.0000000e+00   9.3028941e-04
  -3.1389753e-06   7.0878231e-02  -3.1389753e-06  -7.0878231e-02  -1.0012512e+00   0.0000000e+00   1.2575024e-03
  -5.7204585e-06   8.2387904e-02  -5.7204585e-06  -8.2387904e-02  -1.0016884e+00   0.0000000e+00   1.6998067e-03
  -1.0415494e-05   9.5759371e-02  -1.0415494e-05  -9.5759371e-02  -1.0022769e+00   0.0000000e+00   2.2976839e-03
  -1.8940946e-05   1.1128979e-01  -1.8940946e-05  -1.1128979e-01  -1.0030680e+00   0.0000000e+00   3.1058539e-03
  -3.4389061e-05   1.2932158e-01  -3.4389061e-05  -1.2932158e-01  -1.0041295e+00   0.0000000e+00   4.1982834e-03
  -6.2302473e-05   1.5024820e-01  -6.2302473e-05  -1.5024820e-01  -1.0055504e+00   0.0000000e+00   5.6749559e-03
  -1.1255320e-04   1.7452018e-01  -1.1255320e-04  -1.7452018e-01  -1.0074459e+00   0.0000000e+00   7.6710219e-03
  -2.0257987e-04   2.0265103e-01  -2.0257987e-04  -2.0265103e-01  -1.0099640e+00   0.0000000e+00   1.0369169e-02
  -3.6286227e-04   2.3522302e-01  -3.6286227e-04  -2.3522302e-01  -1.0132906e+00   0.0000000e+00   1.4016342e-02
  -6.4596377e-04   2.7289233e-01  -6.4596377e-04  -2.7289233e-01  -1.0176544e+00   0.0000000e+00   1.8946344e-02
  -1.1410365e-03   3.1639365e-01  -1.1410365e-03  -3.1639365e-01  -1.0233283e+00   0.0000000e+00   2.5610388e-02
  -1.9962853e-03   3.6654432e-01  -1.9962853e-03  -3.6654432e-01  -1.0306258e+00   0.0000000e+00   3.4618393e-02
  -3.4523712e-03   4.2424890e-01  -3.4523712e-03  -4.2424890e-01  -1.0398901e+00   0.0000000e+00   4.6794804e-02
  -5.8899362e-03   4.9050514e-01  -5.8899362e-03  -4.9050514e-01  -1.0514742e+00   0.0000000e+00   6.3254055e-02
  -9.8943061e-03   5.6641269e-01  -9.8943061e-03  -5.6641269e-01  -1.0657139e+00   0.0000000e+00   8.5502557e-02
  -1.6340294e-02   6.5318423e-01  -1.6340294e-02  -6.5318423e-01  -1.0828960e+00   0.0000000e+00   1.1557658e-01
  -2.6500592e-02   7.5215677e-01  -2.6500592e-02  -7.5215677e-01  -1.1032274e+00   0.0000000e+00   1.5622861e-01
  -4.2183299e-02   8.6479613e-01  -4.2183299e-02  -8.6479613e-01  -1.1268127e+00   0.0000000e+00   2.1117928e-01
  -6.5908140e-02   9.9268269e-01  -6.5908140e-02  -9.9268269e-01  -1.1536416e+00   0.0000000e+00   2.8545789e-01
  -1.0113660e-01   1.1374593e+00  -1.0113660e-01  -1.1374593e+00  -1.1835895e+00   0.0000000e+00   3.8586268e-01
  -1.5257820e-01   1.3007121e+00  -1.5257820e-01  -1.3007121e+00  -1.2164267e+00   0.0000000e+00   5.2158310e-01
  -2.2660307e-01   1.4837369e+00  -2.2660307e-01  -1.4837369e+00  -1.2518347e+00   0.0000000e+00   7.0504080e-01
  -3.3180126e-01   1.6871126e+00  -3.3180126e-01  -1.6871126e+00  -1.2894240e+00   0.0000000e+00   9.5302652e-01
  -4.7974159e-01   1.9099420e+00  -4.7974159e-01  -1.9099420e+00  -1.3287537e+00   0.0000000e+00   1.2882369e+00
  -6.8600136e-01   2.1485013e+00  -6.8600136e-01  -2.1485013e+00  -1.3693488e+00   0.0000000e+00   1.7413515e+00
  -9.7156178e-01   2.3937908e+00  -9.7156178e-01  -2.3937908e+00  -1.4107178e+00   0.0000000e+00   2.3538414e+00
  -1.1673502e+00   2.5224273e+00  -1.1673502e+00  -2.5224273e+00  -1.4331022e+00   0.0000000e+00   2.7678025e+00
  -1.3646978e+00   2.6268932e+00  -1.3646978e+00  -2.6268932e+00  -1.4523681e+00   0.0000000e+00   3.1817637e+00
  -1.9035361e+00   2.8094552e+00  -1.9035361e+00  -2.8094552e+00  -1.4938211e+00   0.0000000e+00   4.3008932e+00
  -2.0868844e+00   2.8422547e+00  -2.0868844e+00  -2.8422547e+00  -1.5053154e+00   0.0000000e+00   4.6790841e+00
  -2.2707062e+00   2.8616143e+00  -2.2707062e+00  -2.8616143e+00  -1.5158626e+00   0.0000000e+00   5.0572750e+00
  -2.6395157e+00   2.8611620e+00  -2.6395157e+00  -2.8611620e+00  -1.5346255e+00   0.0000000e+00   5.8136569e+00
  -3.1399686e+00   2.7771266e+00  -3.1399686e+00  -2.7771266e+00  -1.5561454e+00   0.0000000e+00   6.8360827e+00
  -3.3908424e+00   2.6970152e+00  -3.3908424e+00  -2.6970152e+00  -1.5656109e+00   0.0000000e+00   7.3472956e+00
  -3.6420694e+00   2.5887134e+00  -3.6420694e+00  -2.5887134e+00  -1.5743698e+00   0.0000000e+00   7.8585086e+00
  -3.9821440e+00   2.3906733e+00  -3.9821440e+00  -2.3906733e+00  -1.5852435e+00   0.0000000e+00   8.5495316e+00
  -4.3226941e+00   2.1179472e+00  -4.3226941e+00  -2.1179472e+00  -1.5951666e+00   0.0000000e+00   9.2405547e+00
  -4.6636495e+00   1.7358274e+00  -4.6636495e+00  -1.7358274e+00  -1.6042788e+00   0.0000000e+00   9.9315778e+00
  -4.8342614e+00   1.4784491e+00  -4.8342614e+00  -1.4784491e+00  -1.6085665e+00   0.0000000e+00   1.0277089e+01
  -5.0049546e+00   1.1392698e+00  -5.0049546e+00  -1.1392698e+00  -1.6126916e+00   0.0000000e+00   1.0622601e+01
  -5.1177538e+00   8.2353328e-01  -5.1177538e+00  -8.2353328e-01  -1.6153327e+00   0.0000000e+00   1.0850840e+01
  -5.2305847e+00   1.7907687e-01  -5.2305847e+00  -1.7907687e-01  -1.6179103e+00   0.0000000e+00   1.1079080e+01
  -5.2360678e+00   0.0000000e+00  -5.2360682e+00   0.0000000e+00  -1.6180340e+00   0.0000000e+00   1.1090170e+01
  -5.0623005e+00   0.0000000e+00  -5.4208021e+00   0.0000000e+00  -1.6181575e+00   0.0000000e+00   1.1101260e+01
  -3.3671334e+00   0.0000000e+00  -1.0342495e+01   0.0000000e+00  -1.6492860e+00   0.0000000e+00   1.4358914e+01
  -2.9163949e+00   0.0000000e+00  -1.5809106e+01   0.0000000e+00  -1.6839093e+00   0.0000000e+00   1.9409410e+01
  -2.6766419e+00   0.0000000e+00  -2.2843306e+01   0.0000000e+00  -1.7163815e+00   0.0000000e+00   2.6236329e+01
  -2.5227453e+00   0.0000000e+00  -3.2195167e+01   0.0000000e+00  -1.7465849e+00   0.0000000e+00   3.5464497e+01
  -2.4148668e+00   0.0000000e+00  -4.4749184e+01   0.0000000e+00  -1.7744601e+00   0.0000000e+00   4.7938511e+01
  -2.3352059e+00   0.0000000e+00  -6.1664834e+01   0.0000000e+00  -1.8000001e+00   0.0000000e+00   6.4800040e+01
  -2.0604171e+00   0.0000000e+00  -1.2302902e+03   0.0000000e+00  -1.9460987e+00   0.0000000e+00   1.2332967e+03
  -2.0000001e+00   0.0000000e+00             Inf   0.0000000e+00  -1.9999999e+00   0.0000000e+00             Inf
