   0.0000000e+00   0.0000000e+00  -6.4174243e-01   0.0000000e+00  -1.5582576e+00   0.0000000e+00   0.0000000e+00
  -7.8592213e-02   0.0000000e+00  -5.7756819e-01   0.0000000e+00  -1.5438396e+00   0.0000000e+00   5.8398771e-02
  -9.0353563e-02   0.0000000e+00  -5.6762572e-01   0.0000000e+00  -1.5420207e+00   0.0000000e+00   6.5904688e-02
  -1.0428627e-01   0.0000000e+00  -5.5573610e-01   0.0000000e+00  -1.5399776e+00   0.0000000e+00   7.4375330e-02
  -1.2100701e-01   0.0000000e+00  -5.4130879e-01   0.0000000e+00  -1.5376842e+00   0.0000000e+00   8.3934693e-02
  -1.4146202e-01   0.0000000e+00  -5.2342623e-01   0.0000000e+00  -1.5351117e+00   0.0000000e+00   9.4722707e-02
  -1.6727067e-01   0.0000000e+00  -5.0050049e-01   0.0000000e+00  -1.5322288e+00   0.0000000e+00   1.0689729e-01
  -2.0177940e-01   0.0000000e+00  -4.6921928e-01   0.0000000e+00  -1.5290013e+00   0.0000000e+00   1.2063666e-01
  -2.5561317e-01   0.0000000e+00  -4.1899454e-01   0.0000000e+00  -1.5253923e+00   0.0000000e+00   1.3614193e-01
  -3.2806838e-01   0.0000000e+00  -3.4862860e-01   0.0000000e+00  -1.5233030e+00   0.0000000e+00   1.4518858e-01
  -3.3836521e-01   0.0000000e+00  -3.3836523e-01   0.0000000e+00  -1.5232696e+00   0.0000000e+00   1.4533391e-01
  -3.3838195e-01   1.0280376e-02  -3.3838195e-01  -1.0280376e-02  -1.5232361e+00   0.0000000e+00   1.4547924e-01
  -3.3931889e-01   7.7774507e-02  -3.3931889e-01  -7.7774507e-02  -1.5213622e+00   0.0000000e+00   1.5364007e-01
  -3.4156539e-01   1.4317913e-01  -3.4156539e-01  -1.4317913e-01  -1.5168692e+00   0.0000000e+00   1.7338722e-01
  -3.4406522e-01   1.9216691e-01  -3.4406522e-01  -1.9216691e-01  -1.5118696e+00   0.0000000e+00   1.9567245e-01
  -3.4684082e-01   2.3583473e-01  -3.4684082e-01  -2.3583473e-01  -1.5063184e+00   0.0000000e+00   2.2082197e-01
  -3.4991468e-01   2.7730882e-01  -3.4991468e-01  -2.7730882e-01  -1.5001706e+00   0.0000000e+00   2.4920393e-01
  -3.5330853e-01   3.1805189e-01  -3.5330853e-01  -3.1805189e-01  -1.4933829e+00   0.0000000e+00   2.8123378e-01
  -3.5704234e-01   3.5893144e-01  -3.5704234e-01  -3.5893144e-01  -1.4859153e+00   0.0000000e+00   3.1738038e-01
  -3.6113304e-01   4.0054799e-01  -3.6113304e-01  -4.0054799e-01  -1.4777339e+00   0.0000000e+00   3.5817286e-01
  -3.6559284e-01   4.4336693e-01  -3.6559284e-01  -4.4336693e-01  -1.4688143e+00   0.0000000e+00   4.0420834e-01
  -3.7042726e-01   4.8778050e-01  -3.7042726e-01  -4.8778050e-01  -1.4591455e+00   0.0000000e+00   4.5616071e-01
  -3.7563304e-01   5.3414006e-01  -3.7563304e-01  -5.3414006e-01  -1.4487339e+00   0.0000000e+00   5.1479044e-01
  -3.8119580e-01   5.8277351e-01  -3.8119580e-01  -5.8277351e-01  -1.4376084e+00   0.0000000e+00   5.8095577e-01
  -3.8708806e-01   6.3399470e-01  -3.8708806e-01  -6.3399470e-01  -1.4258239e+00   0.0000000e+00   6.5562524e-01
  -3.9326779e-01   6.8810775e-01  -3.9326779e-01  -6.8810775e-01  -1.4134644e+00   0.0000000e+00   7.3989188e-01
  -3.9967803e-01   7.4540825e-01  -3.9967803e-01  -7.4540825e-01  -1.4006439e+00   0.0000000e+00   8.3498921e-01
  -4.0624800e-01   8.0618260e-01  -4.0624800e-01  -8.0618260e-01  -1.3875040e+00   0.0000000e+00   9.4230926e-01
  -4.1289596e-01   8.7070662e-01  -4.1289596e-01  -8.7070662e-01  -1.3742081e+00   0.0000000e+00   1.0634230e+00
  -4.1953373e-01   9.3924470e-01  -4.1953373e-01  -9.3924470e-01  -1.3609325e+00   0.0000000e+00   1.2001034e+00
  -4.2607239e-01   1.0120502e+00  -4.2607239e-01  -1.0120502e+00  -1.3478552e+00   0.0000000e+00   1.3543511e+00
  -4.3242820e-01   1.0893679e+00  -4.3242820e-01  -1.0893679e+00  -1.3351436e+00   0.0000000e+00   1.5284240e+00
  -4.3852797e-01   1.1714383e+00  -4.3852797e-01  -1.1714383e+00  -1.3229441e+00   0.0000000e+00   1.7248703e+00
  -4.4431281e-01   1.2585034e+00  -4.4431281e-01  -1.2585034e+00  -1.3113744e+00   0.0000000e+00   1.9465656e+00
  -4.4974006e-01   1.3508135e+00  -4.4974006e-01  -1.3508135e+00  -1.3005199e+00   0.0000000e+00   2.1967551e+00
  -4.5478329e-01   1.4486332e+00  -4.5478329e-01  -1.4486332e+00  -1.2904334e+00   0.0000000e+00   2.4791011e+00
  -4.5943086e-01   1.5522471e+00  -4.5943086e-01  -1.5522471e+00  -1.2811383e+00   0.0000000e+00   2.7977367e+00
  -4.6368355e-01   1.6619644e+00  -4.6368355e-01  -1.6619644e+00  -1.2726329e+00   0.0000000e+00   3.1573261e+00
  -4.6755178e-01   1.7781224e+00  -4.6755178e-01  -1.7781224e+00  -1.2648964e+00   0.0000000e+00   3.5631330e+00
  -4.7105296e-01   1.9010885e+00  -4.7105296e-01  -1.9010885e+00  -1.2578941e+00   0.0000000e+00   4.0210978e+00
  -4.7420908e-01   2.0312624e+00  -4.7420908e-01  -2.0312624e+00  -1.2515818e+00   0.0000000e+00   4.5379241e+00
  -4.7704474e-01   2.1690771e+00  -4.7704474e-01  -2.1690771e+00  -1.2459105e+00   0.0000000e+00   5.1211775e+00
  -4.7958567e-01   2.3150002e+00  -4.7958567e-01  -2.3150002e+00  -1.2408287e+00   0.0000000e+00   5.7793956e+00
  -4.8185757e-01   2.4695345e+00  -4.8185757e-01  -2.4695345e+00  -1.2362849e+00   0.0000000e+00   6.5222137e+00
  -4.8388540e-01   2.6332194e+00  -4.8388540e-01  -2.6332194e+00  -1.2322292e+00   0.0000000e+00   7.3605051e+00
  -4.8569286e-01   2.8066324e+00  -4.8569286e-01  -2.8066324e+00  -1.2286143e+00   0.0000000e+00   8.3065411e+00
  -4.8730208e-01   2.9903897e+00  -4.8730208e-01  -2.9903897e+00  -1.2253958e+00   0.0000000e+00   9.3741698e+00
  -4.8873353e-01   3.1851489e+00  -4.8873353e-01  -3.1851489e+00  -1.2225329e+00   0.0000000e+00   1.0579019e+01
  -4.9000592e-01   3.3916100e+00  -4.9000592e-01  -3.3916100e+00  -1.2199882e+00   0.0000000e+00   1.1938727e+01
  -4.9113628e-01   3.6105180e+00  -4.9113628e-01  -3.6105180e+00  -1.2177274e+00   0.0000000e+00   1.3473195e+01
  -4.9213998e-01   3.8426653e+00  -4.9213998e-01  -3.8426653e+00  -1.2157200e+00   0.0000000e+00   1.5204887e+01
  -4.9303090e-01   4.0888940e+00  -4.9303090e-01  -4.0888940e+00  -1.2139382e+00   0.0000000e+00   1.7159151e+01
  -4.9382145e-01   4.3500987e+00  -4.9382145e-01  -4.3500987e+00  -1.2123571e+00   0.0000000e+00   1.9364594e+01
  -4.9452279e-01   4.6272301e+00  -4.9452279e-01  -4.6272301e+00  -1.2109544e+00   0.0000000e+00   2.1853500e+01
  -4.9998615e-01   9.3069191e+01  -4.9998615e-01  -9.3069191e+01  -1.2000277e+00   0.0000000e+00   8.6623243e+03
             Inf   0.0000000e+00             Inf   0.0000000e+00  -1.2000000e+00   0.0000000e+00             Inf
