   0.0000000e+00   0.0000000e+00  -6.4174243e-01   0.0000000e+00  -1.5582576e+00   0.0000000e+00   0.0000000e+00
  -9.3246155e-02   0.0000000e+00  -7.0432203e-01   0.0000000e+00  -1.4024318e+00   0.0000000e+00   1.8421032e-01
  -1.0282822e-01   0.0000000e+00  -7.1375562e-01   0.0000000e+00  -1.3834162e+00   0.0000000e+00   2.0306951e-01
  -1.1336965e-01   0.0000000e+00  -7.2518369e-01   0.0000000e+00  -1.3614467e+00   0.0000000e+00   2.2385947e-01
  -1.2495103e-01   0.0000000e+00  -7.3926506e-01   0.0000000e+00  -1.3357839e+00   0.0000000e+00   2.4677788e-01
  -1.3765148e-01   0.0000000e+00  -7.5701546e-01   0.0000000e+00  -1.3053331e+00   0.0000000e+00   2.7204264e-01
  -1.5154378e-01   0.0000000e+00  -7.8013788e-01   0.0000000e+00  -1.2683183e+00   0.0000000e+00   2.9989397e-01
  -1.6668681e-01   0.0000000e+00  -8.1191178e-01   0.0000000e+00  -1.2214014e+00   0.0000000e+00   3.3059668e-01
  -1.8311470e-01   0.0000000e+00  -8.6067516e-01   0.0000000e+00  -1.1562101e+00   0.0000000e+00   3.6444269e-01
  -1.9981247e-01   0.0000000e+00  -9.8428395e-01   0.0000000e+00  -1.0159036e+00   0.0000000e+00   3.9960000e-01
  -2.0000000e-01   0.0000000e+00  -1.0000000e+00   1.9357176e-08  -1.0000000e+00  -1.9357176e-08   4.0000000e-01
  -2.0018747e-01   0.0000000e+00  -9.9990626e-01   1.5812963e-02  -9.9990626e-01  -1.5812963e-02   4.0040000e-01
  -2.0082153e-01   0.0000000e+00  -9.9958923e-01   3.3122349e-02  -9.9958923e-01  -3.3122349e-02   4.0175381e-01
  -2.1974172e-01   0.0000000e+00  -9.9012914e-01   1.6548025e-01  -9.9012914e-01  -1.6548025e-01   4.4288479e-01
  -2.3972737e-01   0.0000000e+00  -9.8013632e-01   2.4005936e-01  -9.8013632e-01  -2.4005936e-01   4.8822669e-01
  -2.6052754e-01   0.0000000e+00  -9.6973623e-01   3.0419778e-01  -9.6973623e-01  -3.0419778e-01   5.3821063e-01
  -2.8177851e-01   0.0000000e+00  -9.5911074e-01   3.6456116e-01  -9.5911074e-01  -3.6456116e-01   5.9331186e-01
  -3.0301738e-01   0.0000000e+00  -9.4849131e-01   4.2379217e-01  -9.4849131e-01  -4.2379217e-01   6.5405427e-01
  -3.2372766e-01   0.0000000e+00  -9.3813617e-01   4.8323356e-01  -9.3813617e-01  -4.8323356e-01   7.2101540e-01
  -3.4341186e-01   0.0000000e+00  -9.2829407e-01   5.4362455e-01  -9.2829407e-01  -5.4362455e-01   7.9483191e-01
  -3.6166798e-01   0.0000000e+00  -9.1916601e-01   6.0537069e-01  -9.1916601e-01  -6.0537069e-01   8.7620566e-01
  -3.7824033e-01   0.0000000e+00  -9.1087983e-01   6.6868922e-01  -9.1087983e-01  -6.6868922e-01   9.6591033e-01
  -3.9302856e-01   0.0000000e+00  -9.0348572e-01   7.3370362e-01  -9.0348572e-01  -7.3370362e-01   1.0647988e+00
  -4.0606130e-01   0.0000000e+00  -8.9696935e-01   8.0050503e-01  -8.9696935e-01  -8.0050503e-01   1.1738114e+00
  -4.1745368e-01   0.0000000e+00  -8.9127316e-01   8.6918706e-01  -8.9127316e-01  -8.6918706e-01   1.2939845e+00
  -4.2736640e-01   0.0000000e+00  -8.8631680e-01   9.3986130e-01  -8.8631680e-01  -9.3986130e-01   1.4264608e+00
  -4.3597495e-01   0.0000000e+00  -8.8201252e-01   1.0126613e+00  -8.8201252e-01  -1.0126613e+00   1.5724998e+00
  -4.4345053e-01   0.0000000e+00  -8.7827473e-01   1.0877411e+00  -8.7827473e-01  -1.0877411e+00   1.7334900e+00
  -4.4995002e-01   0.0000000e+00  -8.7502499e-01   1.1652718e+00  -8.7502499e-01  -1.1652718e+00   1.9109622e+00
  -4.5561200e-01   0.0000000e+00  -8.7219400e-01   1.2454386e+00  -8.7219400e-01  -1.2454386e+00   2.1066038e+00
  -4.6055624e-01   0.0000000e+00  -8.6972188e-01   1.3284378e+00  -8.6972188e-01  -1.3284378e+00   2.3222748e+00
  -4.6488500e-01   0.0000000e+00  -8.6755750e-01   1.4144755e+00  -8.6755750e-01  -1.4144755e+00   2.5600260e+00
  -4.6868501e-01   0.0000000e+00  -8.6565750e-01   1.5037664e+00  -8.6565750e-01  -1.5037664e+00   2.8221177e+00
  -4.7202958e-01   0.0000000e+00  -8.6398521e-01   1.5965333e+00  -8.6398521e-01  -1.5965333e+00   3.1110420e+00
  -4.7498070e-01   0.0000000e+00  -8.6250965e-01   1.6930069e+00  -8.6250965e-01  -1.6930069e+00   3.4295460e+00
  -4.7759085e-01   0.0000000e+00  -8.6120458e-01   1.7934263e+00  -8.6120458e-01  -1.7934263e+00   3.7806580e+00
  -4.7990454e-01   0.0000000e+00  -8.6004773e-01   1.8980391e+00  -8.6004773e-01  -1.8980391e+00   4.1677163e+00
  -4.8195968e-01   0.0000000e+00  -8.5902016e-01   2.0071022e+00  -8.5902016e-01  -2.0071022e+00   4.5944011e+00
  -4.8378862e-01   0.0000000e+00  -8.5810569e-01   2.1208820e+00  -8.5810569e-01  -2.1208820e+00   5.0647692e+00
  -4.8541909e-01   0.0000000e+00  -8.5729045e-01   2.2396553e+00  -8.5729045e-01  -2.2396553e+00   5.5832930e+00
  -4.8687495e-01   0.0000000e+00  -8.5656253e-01   2.3637101e+00  -8.5656253e-01  -2.3637101e+00   6.1549024e+00
  -4.8817678e-01   0.0000000e+00  -8.5591161e-01   2.4933462e+00  -8.5591161e-01  -2.4933462e+00   6.7850324e+00
  -4.8934242e-01   0.0000000e+00  -8.5532879e-01   2.6288761e+00  -8.5532879e-01  -2.6288761e+00   7.4796743e+00
  -4.9038739e-01   0.0000000e+00  -8.5480630e-01   2.7706256e+00  -8.5480630e-01  -2.7706256e+00   8.2454325e+00
  -4.9132520e-01   0.0000000e+00  -8.5433740e-01   2.9189348e+00  -8.5433740e-01  -2.9189348e+00   9.0895879e+00
  -4.9216768e-01   0.0000000e+00  -8.5391616e-01   3.0741591e+00  -8.5391616e-01  -3.0741591e+00   1.0020167e+01
  -4.9292521e-01   0.0000000e+00  -8.5353740e-01   3.2366697e+00  -8.5353740e-01  -3.2366697e+00   1.1046017e+01
  -4.9360691e-01   0.0000000e+00  -8.5319655e-01   3.4068549e+00  -8.5319655e-01  -3.4068549e+00   1.2176892e+01
  -4.9422082e-01   0.0000000e+00  -8.5288959e-01   3.5851210e+00  -8.5288959e-01  -3.5851210e+00   1.3423545e+01
  -4.9477407e-01   0.0000000e+00  -8.5261296e-01   3.7718931e+00  -8.5261296e-01  -3.7718931e+00   1.4797828e+01
  -4.9527295e-01   0.0000000e+00  -8.5236352e-01   3.9676164e+00  -8.5236352e-01  -3.9676164e+00   1.6312808e+01
  -4.9572306e-01   0.0000000e+00  -8.5213847e-01   4.1727570e+00  -8.5213847e-01  -4.1727570e+00   1.7982890e+01
  -4.9612937e-01   0.0000000e+00  -8.5193532e-01   4.3878034e+00  -8.5193532e-01  -4.3878034e+00   1.9823952e+01
  -4.9649630e-01   0.0000000e+00  -8.5175185e-01   4.6132673e+00  -8.5175185e-01  -4.6132673e+00   2.1853500e+01
  -4.9999148e-01   0.0000000e+00  -8.5000426e-01   9.3821715e+01  -8.5000426e-01  -9.3821715e+01   8.8030866e+03
  -5.0000000e-01   0.0000000e+00             Inf   0.0000000e+00             Inf   0.0000000e+00             Inf
