   0.0000000e+00   0.0000000e+00  -6.4174243e-01   0.0000000e+00  -1.5582576e+00   0.0000000e+00   0.0000000e+00
  -1.1869962e-01   0.0000000e+00  -6.2082596e-01   0.0000000e+00  -1.4604744e+00   0.0000000e+00   1.5375000e-01
  -1.3303063e-01   0.0000000e+00  -6.1761960e-01   0.0000000e+00  -1.4493498e+00   0.0000000e+00   1.7011707e-01
  -1.4941274e-01   0.0000000e+00  -6.1373023e-01   0.0000000e+00  -1.4368570e+00   0.0000000e+00   1.8822646e-01
  -1.6826645e-01   0.0000000e+00  -6.0893403e-01   0.0000000e+00  -1.4227995e+00   0.0000000e+00   2.0826363e-01
  -1.9016369e-01   0.0000000e+00  -6.0289258e-01   0.0000000e+00  -1.4069437e+00   0.0000000e+00   2.3043382e-01
  -2.1592829e-01   0.0000000e+00  -5.9506195e-01   0.0000000e+00  -1.3890098e+00   0.0000000e+00   2.5496407e-01
  -2.4685320e-01   0.0000000e+00  -5.8448858e-01   0.0000000e+00  -1.3686582e+00   0.0000000e+00   2.8210564e-01
  -2.8527374e-01   0.0000000e+00  -5.6925387e-01   0.0000000e+00  -1.3454724e+00   0.0000000e+00   3.1213648e-01
  -3.3673598e-01   0.0000000e+00  -5.4433104e-01   0.0000000e+00  -1.3189330e+00   0.0000000e+00   3.4536419e-01
  -4.4379413e-01   0.0000000e+00  -4.6782309e-01   0.0000000e+00  -1.2883828e+00   0.0000000e+00   3.8212907e-01
  -4.4526307e-01   0.0000000e+00  -4.6644728e-01   0.0000000e+00  -1.2882896e+00   0.0000000e+00   3.8223876e-01
  -4.5601766e-01   1.6811052e-08  -4.5601766e-01  -1.6811052e-08  -1.2879647e+00   0.0000000e+00   3.8262138e-01
  -4.5618021e-01   1.0593750e-02  -4.5618021e-01  -1.0593750e-02  -1.2876396e+00   0.0000000e+00   3.8300400e-01
  -4.7351139e-01   1.0952925e-01  -4.7351139e-01  -1.0952925e-01  -1.2529772e+00   0.0000000e+00   4.2280767e-01
  -4.7856888e-01   1.2426319e-01  -4.7856888e-01  -1.2426319e-01  -1.2428622e+00   0.0000000e+00   4.3405990e-01
  -4.8369979e-01   1.3758460e-01  -4.8369979e-01  -1.3758460e-01  -1.2326004e+00   0.0000000e+00   4.4531213e-01
  -4.9418975e-01   1.6140701e-01  -4.9418975e-01  -1.6140701e-01  -1.2116205e+00   0.0000000e+00   4.6781660e-01
  -5.1854645e-01   2.0660041e-01  -5.1854645e-01  -2.0660041e-01  -1.1629071e+00   0.0000000e+00   5.1761684e-01
  -5.4740454e-01   2.5118452e-01  -5.4740454e-01  -2.5118452e-01  -1.1051909e+00   0.0000000e+00   5.7271845e-01
  -5.8132838e-01   2.9944773e-01  -5.8132838e-01  -2.9944773e-01  -1.0373432e+00   0.0000000e+00   6.3368576e-01
  -6.1899968e-01   3.5640764e-01  -6.1899968e-01  -3.5640764e-01  -9.6200064e-01   0.0000000e+00   7.0114319e-01
  -6.5446638e-01   4.2556819e-01  -6.5446638e-01  -4.2556819e-01  -8.9106723e-01   0.0000000e+00   7.7578163e-01
  -6.8099661e-01   5.0323910e-01  -6.8099661e-01  -5.0323910e-01  -8.3800679e-01   0.0000000e+00   8.5836552e-01
  -6.9853578e-01   5.8312944e-01  -6.9853578e-01  -5.8312944e-01  -8.0292843e-01   0.0000000e+00   9.4974067e-01
  -7.1015702e-01   6.6266208e-01  -7.1015702e-01  -6.6266208e-01  -7.7968596e-01   0.0000000e+00   1.0508429e+00
  -7.1820451e-01   7.4166104e-01  -7.1820451e-01  -7.4166104e-01  -7.6359098e-01   0.0000000e+00   1.1627078e+00
  -7.2403502e-01   8.2061379e-01  -7.2403502e-01  -8.2061379e-01  -7.5192996e-01   0.0000000e+00   1.2864809e+00
  -7.2842109e-01   9.0009394e-01  -7.2842109e-01  -9.0009394e-01  -7.4315783e-01   0.0000000e+00   1.4234300e+00
  -7.3182090e-01   9.8062799e-01  -7.3182090e-01  -9.8062799e-01  -7.3635820e-01   0.0000000e+00   1.5749577e+00
  -7.3451983e-01   1.0626791e+00  -7.3451983e-01  -1.0626791e+00  -7.3096034e-01   0.0000000e+00   1.7426159e+00
  -7.3670384e-01   1.1466571e+00  -7.3670384e-01  -1.1466571e+00  -7.2659232e-01   0.0000000e+00   1.9281217e+00
  -7.3849898e-01   1.2329322e+00  -7.3849898e-01  -1.2329322e+00  -7.2300204e-01   0.0000000e+00   2.1333751e+00
  -7.3999358e-01   1.3218464e+00  -7.3999358e-01  -1.3218464e+00  -7.2001284e-01   0.0000000e+00   2.3604782e+00
  -7.4125137e-01   1.4137227e+00  -7.4125137e-01  -1.4137227e+00  -7.1749726e-01   0.0000000e+00   2.6117570e+00
  -7.4231946e-01   1.5088718e+00  -7.4231946e-01  -1.5088718e+00  -7.1536108e-01   0.0000000e+00   2.8897851e+00
  -7.4323342e-01   1.6075978e+00  -7.4323342e-01  -1.6075978e+00  -7.1353316e-01   0.0000000e+00   3.1974099e+00
  -7.4402063e-01   1.7102022e+00  -7.4402063e-01  -1.7102022e+00  -7.1195874e-01   0.0000000e+00   3.5377822e+00
  -7.4470249e-01   1.8169872e+00  -7.4470249e-01  -1.8169872e+00  -7.1059501e-01   0.0000000e+00   3.9143879e+00
  -7.4529599e-01   1.9282583e+00  -7.4529599e-01  -1.9282583e+00  -7.0940802e-01   0.0000000e+00   4.3310843e+00
  -7.4581477e-01   2.0443270e+00  -7.4581477e-01  -2.0443270e+00  -7.0837046e-01   0.0000000e+00   4.7921390e+00
  -7.4626992e-01   2.1655122e+00  -7.4626992e-01  -2.1655122e+00  -7.0746017e-01   0.0000000e+00   5.3022741e+00
  -7.4667053e-01   2.2921420e+00  -7.4667053e-01  -2.2921420e+00  -7.0665894e-01   0.0000000e+00   5.8667145e+00
  -7.4702415e-01   2.4245556e+00  -7.4702415e-01  -2.4245556e+00  -7.0595169e-01   0.0000000e+00   6.4912409e+00
  -7.4733708e-01   2.5631045e+00  -7.4733708e-01  -2.5631045e+00  -7.0532583e-01   0.0000000e+00   7.1822497e+00
  -7.4761462e-01   2.7081537e+00  -7.4761462e-01  -2.7081537e+00  -7.0477076e-01   0.0000000e+00   7.9468181e+00
  -7.4786125e-01   2.8600833e+00  -7.4786125e-01  -2.8600833e+00  -7.0427749e-01   0.0000000e+00   8.7927767e+00
  -7.4808081e-01   3.0192895e+00  -7.4808081e-01  -3.0192895e+00  -7.0383838e-01   0.0000000e+00   9.7287897e+00
  -7.4827656e-01   3.1861858e+00  -7.4827656e-01  -3.1861858e+00  -7.0344688e-01   0.0000000e+00   1.0764444e+01
  -7.4845133e-01   3.3612048e+00  -7.4845133e-01  -3.3612048e+00  -7.0309733e-01   0.0000000e+00   1.1910346e+01
  -7.4860757e-01   3.5447987e+00  -7.4860757e-01  -3.5447987e+00  -7.0278486e-01   0.0000000e+00   1.3178232e+01
  -7.4874739e-01   3.7374412e+00  -7.4874739e-01  -3.7374412e+00  -7.0250522e-01   0.0000000e+00   1.4581087e+01
  -7.4887264e-01   3.9396283e+00  -7.4887264e-01  -3.9396283e+00  -7.0225471e-01   0.0000000e+00   1.6133280e+01
  -7.4898495e-01   4.1518803e+00  -7.4898495e-01  -4.1518803e+00  -7.0203010e-01   0.0000000e+00   1.7850708e+01
  -7.4908572e-01   4.3747425e+00  -7.4908572e-01  -4.3747425e+00  -7.0182856e-01   0.0000000e+00   1.9750961e+01
  -7.4917621e-01   4.6087872e+00  -7.4917621e-01  -4.6087872e+00  -7.0164758e-01   0.0000000e+00   2.1853500e+01
  -7.4999799e-01   9.3382339e+01  -7.4999799e-01  -9.3382339e+01  -7.0000401e-01   0.0000000e+00   8.7208738e+03
             Inf   0.0000000e+00             Inf   0.0000000e+00  -7.0000000e-01   0.0000000e+00             Inf
