   0.0000000e+00   0.0000000e+00  -6.4174243e-01   0.0000000e+00  -1.5582576e+00   0.0000000e+00   0.0000000e+00
  -1.8224533e-02   0.0000000e+00  -7.2547582e-01   0.0000000e+00  -1.4562996e+00   0.0000000e+00   9.6272023e-02
  -2.0225178e-02   0.0000000e+00  -7.3718655e-01   0.0000000e+00  -1.4425883e+00   0.0000000e+00   1.0754300e-01
  -2.2427709e-02   0.0000000e+00  -7.5091087e-01   0.0000000e+00  -1.4266614e+00   0.0000000e+00   1.2013352e-01
  -2.4848048e-02   0.0000000e+00  -7.6715171e-01   0.0000000e+00  -1.4080002e+00   0.0000000e+00   1.3419807e-01
  -2.7502224e-02   0.0000000e+00  -7.8662254e-01   0.0000000e+00  -1.3858752e+00   0.0000000e+00   1.4990922e-01
  -3.0406009e-02   0.0000000e+00  -8.1040041e-01   0.0000000e+00  -1.3591936e+00   0.0000000e+00   1.6745973e-01
  -3.3574478e-02   0.0000000e+00  -8.4026929e-01   0.0000000e+00  -1.3261562e+00   0.0000000e+00   1.8706496e-01
  -3.7021440e-02   0.0000000e+00  -8.7967208e-01   0.0000000e+00  -1.2833065e+00   0.0000000e+00   2.0896546e-01
  -4.0758770e-02   0.0000000e+00  -9.3763913e-01   0.0000000e+00  -1.2216021e+00   0.0000000e+00   2.3342995e-01
  -4.4246660e-02   0.0000000e+00  -1.0630956e+00   0.0000000e+00  -1.0926577e+00   0.0000000e+00   2.5698452e-01
  -4.4284163e-02   0.0000000e+00  -1.0778579e+00   1.5696519e-08  -1.0778579e+00  -1.5696519e-08   2.5724176e-01
  -4.4321653e-02   0.0000000e+00  -1.0778392e+00   1.4781539e-02  -1.0778392e+00  -1.4781539e-02   2.5749901e-01
  -4.4795612e-02   0.0000000e+00  -1.0776022e+00   5.4666312e-02  -1.0776022e+00  -5.4666312e-02   2.6075859e-01
  -4.9137489e-02   0.0000000e+00  -1.0754313e+00   1.7042991e-01  -1.0754313e+00  -1.7042991e-01   2.9128672e-01
  -5.3785334e-02   0.0000000e+00  -1.0731073e+00   2.4164993e-01  -1.0731073e+00  -2.4164993e-01   3.2538891e-01
  -5.8734503e-02   0.0000000e+00  -1.0706327e+00   3.0242841e-01  -1.0706327e+00  -3.0242841e-01   3.6348359e-01
  -6.3973828e-02   0.0000000e+00  -1.0680131e+00   3.5879862e-01  -1.0680131e+00  -3.5879862e-01   4.0603818e-01
  -6.9484823e-02   0.0000000e+00  -1.0652576e+00   4.1323433e-01  -1.0652576e+00  -4.1323433e-01   4.5357481e-01
  -7.5241158e-02   0.0000000e+00  -1.0623794e+00   4.6707324e-01  -1.0623794e+00  -4.6707324e-01   5.0667676e-01
  -8.1208512e-02   0.0000000e+00  -1.0593957e+00   5.2116441e-01  -1.0593957e+00  -5.2116441e-01   5.6599559e-01
  -8.7344930e-02   0.0000000e+00  -1.0563275e+00   5.7610898e-01  -1.0563275e+00  -5.7610898e-01   6.3225912e-01
  -9.3601758e-02   0.0000000e+00  -1.0531991e+00   6.3236813e-01  -1.0531991e+00  -6.3236813e-01   7.0628041e-01
  -9.9925147e-02   0.0000000e+00  -1.0500374e+00   6.9031791e-01  -1.0500374e+00  -6.9031791e-01   7.8896770e-01
  -1.0625807e-01   0.0000000e+00  -1.0468710e+00   7.5027978e-01  -1.0468710e+00  -7.5027978e-01   8.8133554e-01
  -1.1254268e-01   0.0000000e+00  -1.0437287e+00   8.1253906e-01  -1.0437287e+00  -8.1253906e-01   9.8451728e-01
  -1.1872278e-01   0.0000000e+00  -1.0406386e+00   8.7735694e-01  -1.0406386e+00  -8.7735694e-01   1.0997789e+00
  -1.2474621e-01   0.0000000e+00  -1.0376269e+00   9.4497893e-01  -1.0376269e+00  -9.4497893e-01   1.2285348e+00
  -1.3056676e-01   0.0000000e+00  -1.0347166e+00   1.0156412e+00  -1.0347166e+00  -1.0156412e+00   1.3723646e+00
  -1.3614567e-01   0.0000000e+00  -1.0319272e+00   1.0895755e+00  -1.0319272e+00  -1.0895755e+00   1.5330333e+00
  -1.4145245e-01   0.0000000e+00  -1.0292738e+00   1.1670137e+00  -1.0292738e+00  -1.1670137e+00   1.7125121e+00
  -1.4646502e-01   0.0000000e+00  -1.0267675e+00   1.2481910e+00  -1.0267675e+00  -1.2481910e+00   1.9130032e+00
  -1.5116949e-01   0.0000000e+00  -1.0244153e+00   1.3333490e+00  -1.0244153e+00  -1.3333490e+00   2.1369667e+00
  -1.5555935e-01   0.0000000e+00  -1.0222203e+00   1.4227383e+00  -1.0222203e+00  -1.4227383e+00   2.3871506e+00
  -1.5963454e-01   0.0000000e+00  -1.0201827e+00   1.5166209e+00  -1.0201827e+00  -1.5166209e+00   2.6666246e+00
  -1.6340032e-01   0.0000000e+00  -1.0182998e+00   1.6152715e+00  -1.0182998e+00  -1.6152715e+00   2.9788178e+00
  -1.6686614e-01   0.0000000e+00  -1.0165669e+00   1.7189797e+00  -1.0165669e+00  -1.7189797e+00   3.3275607e+00
  -1.7004462e-01   0.0000000e+00  -1.0149777e+00   1.8280508e+00  -1.0149777e+00  -1.8280508e+00   3.7171326e+00
  -1.7295058e-01   0.0000000e+00  -1.0135247e+00   1.9428076e+00  -1.0135247e+00  -1.9428076e+00   4.1523133e+00
  -1.7560022e-01   0.0000000e+00  -1.0121999e+00   2.0635912e+00  -1.0121999e+00  -2.0635912e+00   4.6384424e+00
  -1.7801051e-01   0.0000000e+00  -1.0109947e+00   2.1907622e+00  -1.0109947e+00  -2.1907622e+00   5.1814848e+00
  -1.8019860e-01   0.0000000e+00  -1.0099007e+00   2.3247019e+00  -1.0099007e+00  -2.3247019e+00   5.7881035e+00
  -1.8218149e-01   0.0000000e+00  -1.0089093e+00   2.4658132e+00  -1.0089093e+00  -2.4658132e+00   6.4657417e+00
  -1.8397566e-01   0.0000000e+00  -1.0080122e+00   2.6145221e+00  -1.0080122e+00  -2.6145221e+00   7.2227138e+00
  -1.8559694e-01   0.0000000e+00  -1.0072015e+00   2.7712788e+00  -1.0072015e+00  -2.7712788e+00   8.0683080e+00
  -1.8706028e-01   0.0000000e+00  -1.0064699e+00   2.9365587e+00  -1.0064699e+00  -2.9365587e+00   9.0128994e+00
  -1.8837976e-01   0.0000000e+00  -1.0058101e+00   3.1108642e+00  -1.0058101e+00  -3.1108642e+00   1.0068078e+01
  -1.8956847e-01   0.0000000e+00  -1.0052158e+00   3.2947258e+00  -1.0052158e+00  -3.2947258e+00   1.1246792e+01
  -1.9063858e-01   0.0000000e+00  -1.0046807e+00   3.4887041e+00  -1.0046807e+00  -3.4887041e+00   1.2563502e+01
  -1.9160127e-01   0.0000000e+00  -1.0041994e+00   3.6933910e+00  -1.0041994e+00  -3.6933910e+00   1.4034365e+01
  -1.9246682e-01   0.0000000e+00  -1.0037666e+00   3.9094114e+00  -1.0037666e+00  -3.9094114e+00   1.5677428e+01
  -1.9324465e-01   0.0000000e+00  -1.0033777e+00   4.1374256e+00  -1.0033777e+00  -4.1374256e+00   1.7512852e+01
  -1.9394334e-01   0.0000000e+00  -1.0030283e+00   4.3781309e+00  -1.0030283e+00  -4.3781309e+00   1.9563157e+01
  -1.9457068e-01   0.0000000e+00  -1.0027147e+00   4.6322635e+00  -1.0027147e+00  -4.6322635e+00   2.1853500e+01
  -1.9998665e-01   0.0000000e+00  -1.0000067e+00   9.4788822e+01  -1.0000067e+00  -9.4788822e+01   8.9853209e+03
  -2.0000000e-01   0.0000000e+00             Inf   0.0000000e+00             Inf   0.0000000e+00             Inf
