   0.0000000e+00   0.0000000e+00  -1.0000000e+00   0.0000000e+00  -1.0000000e+00   0.0000000e+00   0.0000000e+00
  -3.2081781e-02   0.0000000e+00  -9.8395911e-01   1.1700491e-01  -9.8395911e-01  -1.1700491e-01   4.5000000e-02
  -3.5821371e-02   0.0000000e+00  -9.8208931e-01   1.2361076e-01  -9.8208931e-01  -1.2361076e-01   5.0138612e-02
  -4.0006936e-02   0.0000000e+00  -9.7999653e-01   1.3060433e-01  -9.7999653e-01  -1.3060433e-01   5.5864010e-02
  -4.4694191e-02   0.0000000e+00  -9.7765290e-01   1.3801154e-01  -9.7765290e-01  -1.3801154e-01   6.2243198e-02
  -4.9946454e-02   0.0000000e+00  -9.7502677e-01   1.4586078e-01  -9.7502677e-01  -1.4586078e-01   6.9350835e-02
  -5.5835837e-02   0.0000000e+00  -9.7208208e-01   1.5418332e-01  -9.7208208e-01  -1.5418332e-01   7.7270103e-02
  -6.2444667e-02   0.0000000e+00  -9.6877767e-01   1.6301386e-01  -9.6877767e-01  -1.6301386e-01   8.6093683e-02
  -6.9867185e-02   0.0000000e+00  -9.6506641e-01   1.7239119e-01  -9.6506641e-01  -1.7239119e-01   9.5924840e-02
  -7.8211571e-02   0.0000000e+00  -9.6089421e-01   1.8235911e-01  -9.6089421e-01  -1.8235911e-01   1.0687863e-01
  -8.7602375e-02   0.0000000e+00  -9.5619881e-01   1.9296763e-01  -9.5619881e-01  -1.9296763e-01   1.1908325e-01
  -9.8183428e-02   0.0000000e+00  -9.5090829e-01   2.0427455e-01  -9.5090829e-01  -2.0427455e-01   1.3268153e-01
  -1.1012131e-01   0.0000000e+00  -9.4493935e-01   2.1634772e-01  -9.4493935e-01  -2.1634772e-01   1.4783262e-01
  -1.2360941e-01   0.0000000e+00  -9.3819529e-01   2.2926815e-01  -9.3819529e-01  -2.2926815e-01   1.6471383e-01
  -1.3887258e-01   0.0000000e+00  -9.3056371e-01   2.4313441e-01  -9.3056371e-01  -2.4313441e-01   1.8352273e-01
  -1.5617207e-01   0.0000000e+00  -9.2191396e-01   2.5806910e-01  -9.2191396e-01  -2.5806910e-01   2.0447944e-01
  -1.7580997e-01   0.0000000e+00  -9.1209502e-01   2.7422824e-01  -9.1209502e-01  -2.7422824e-01   2.2782923e-01
  -1.9813117e-01   0.0000000e+00  -9.0093441e-01   2.9181530e-01  -9.0093441e-01  -2.9181530e-01   2.5384537e-01
  -2.2351815e-01   0.0000000e+00  -8.8824093e-01   3.1110199e-01  -8.8824093e-01  -3.1110199e-01   2.8283232e-01
  -2.5236794e-01   0.0000000e+00  -8.7381603e-01   3.3245839e-01  -8.7381603e-01  -3.3245839e-01   3.1512934e-01
  -2.8502935e-01   0.0000000e+00  -8.5748532e-01   3.5639352e-01  -8.5748532e-01  -3.5639352e-01   3.5111439e-01
  -3.2165900e-01   0.0000000e+00  -8.3917050e-01   3.8359877e-01  -8.3917050e-01  -3.8359877e-01   3.9120863e-01
  -3.6194213e-01   0.0000000e+00  -8.1902894e-01   4.1495872e-01  -8.1902894e-01  -4.1495872e-01   4.3588129e-01
  -4.0468755e-01   0.0000000e+00  -7.9765622e-01   4.5143841e-01  -7.9765622e-01  -4.5143841e-01   4.8565518e-01
  -4.4758190e-01   0.0000000e+00  -7.7620905e-01   4.9373888e-01  -7.7620905e-01  -4.9373888e-01   5.4111281e-01
  -4.8769689e-01   0.0000000e+00  -7.5615156e-01   5.4184180e-01  -7.5615156e-01  -5.4184180e-01   6.0290323e-01
  -5.2275530e-01   0.0000000e+00  -7.3862235e-01   5.9493623e-01  -7.3862235e-01  -5.9493623e-01   6.7174959e-01
  -5.5196286e-01   0.0000000e+00  -7.2401857e-01   6.5191410e-01  -7.2401857e-01  -6.5191410e-01   7.4845760e-01
  -5.7572536e-01   0.0000000e+00  -7.1213732e-01   7.1189495e-01  -7.1213732e-01  -7.1189495e-01   8.3392501e-01
  -5.9494453e-01   0.0000000e+00  -7.0252774e-01   7.7438800e-01  -7.0252774e-01  -7.7438800e-01   9.2915207e-01
  -6.1055069e-01   0.0000000e+00  -6.9472466e-01   8.3921490e-01  -6.9472466e-01  -8.3921490e-01   1.0352532e+00
  -6.2332797e-01   0.0000000e+00  -6.8833602e-01   9.0639151e-01  -6.8833602e-01  -9.0639151e-01   1.1534702e+00
  -6.3388923e-01   0.0000000e+00  -6.8305538e-01   9.7604253e-01  -6.8305538e-01  -9.7604253e-01   1.2851866e+00
  -6.4270108e-01   0.0000000e+00  -6.7864946e-01   1.0483517e+00  -6.7864946e-01  -1.0483517e+00   1.4319438e+00
  -6.5011716e-01   0.0000000e+00  -6.7494142e-01   1.1235353e+00  -6.7494142e-01  -1.1235353e+00   1.5954595e+00
  -6.5640706e-01   0.0000000e+00  -6.7179647e-01   1.2018289e+00  -6.7179647e-01  -1.2018289e+00   1.7776472e+00
  -6.6177829e-01   0.0000000e+00  -6.6911085e-01   1.2834811e+00  -6.6911085e-01  -1.2834811e+00   1.9806392e+00
  -6.6639247e-01   0.0000000e+00  -6.6680377e-01   1.3687505e+00  -6.6680377e-01  -1.3687505e+00   2.2068111e+00
  -6.7037699e-01   0.0000000e+00  -6.6481150e-01   1.4579050e+00  -6.6481150e-01  -1.4579050e+00   2.4588099e+00
  -6.7383344e-01   0.0000000e+00  -6.6308328e-01   1.5512221e+00  -6.6308328e-01  -1.5512221e+00   2.7395848e+00
  -6.7684370e-01   0.0000000e+00  -6.6157815e-01   1.6489894e+00  -6.6157815e-01  -1.6489894e+00   3.0524218e+00
  -6.7947449e-01   0.0000000e+00  -6.6026276e-01   1.7515056e+00  -6.6026276e-01  -1.7515056e+00   3.4009821e+00
  -6.8178061e-01   0.0000000e+00  -6.5910969e-01   1.8590812e+00  -6.5910969e-01  -1.8590812e+00   3.7893450e+00
  -6.8380753e-01   0.0000000e+00  -6.5809623e-01   1.9720402e+00  -6.5809623e-01  -1.9720402e+00   4.2220555e+00
  -6.8559323e-01   0.0000000e+00  -6.5720338e-01   2.0907207e+00  -6.5720338e-01  -2.0907207e+00   4.7041779e+00
  -6.8716966e-01   0.0000000e+00  -6.5641517e-01   2.2154766e+00  -6.5641517e-01  -2.2154766e+00   5.2413545e+00
  -6.8856388e-01   0.0000000e+00  -6.5571806e-01   2.3466781e+00  -6.5571806e-01  -2.3466781e+00   5.8398720e+00
  -6.8979892e-01   0.0000000e+00  -6.5510054e-01   2.4847139e+00  -6.5510054e-01  -2.4847139e+00   6.5067350e+00
  -6.9089453e-01   0.0000000e+00  -6.5455273e-01   2.6299914e+00  -6.5455273e-01  -2.6299914e+00   7.2497481e+00
  -6.9186767e-01   0.0000000e+00  -6.5406616e-01   2.7829391e+00  -6.5406616e-01  -2.7829391e+00   8.0776069e+00
  -6.9273300e-01   0.0000000e+00  -6.5363350e-01   2.9440068e+00  -6.5363350e-01  -2.9440068e+00   9.0000000e+00
  -6.9998268e-01   0.0000000e+00  -6.5000866e-01   6.0311132e+01  -6.5000866e-01  -6.0311132e+01   3.6377652e+03
  -7.0000000e-01   0.0000000e+00             Inf   0.0000000e+00             Inf   0.0000000e+00             Inf
