   0.0000000e+00   0.0000000e+00  -1.0000000e+00   0.0000000e+00  -1.0000000e+00   0.0000000e+00   0.0000000e+00
  -7.3881754e-30   0.0000000e+00  -1.0000000e+00   1.5805068e-08  -1.0000000e+00  -1.5805068e-08   6.1568128e-30
  -7.3955710e-30   0.0000000e+00  -1.0000000e+00   1.5805068e-08  -1.0000000e+00  -1.5805068e-08   6.1629758e-30
  -7.4029666e-30   0.0000000e+00  -1.0000000e+00   1.5805068e-08  -1.0000000e+00  -1.5805068e-08   6.1691388e-30
  -3.7652462e-02   0.0000000e+00  -1.0623475e+00   0.0000000e+00  -9.0000000e-01   0.0000000e+00   3.0000000e-02
  -4.2890160e-02   0.0000000e+00  -1.0654759e+00   0.0000000e+00  -8.9163393e-01   0.0000000e+00   3.3955227e-02
  -4.8905255e-02   0.0000000e+00  -1.0687115e+00   0.0000000e+00  -8.8238328e-01   0.0000000e+00   3.8431915e-02
  -5.5829991e-02   0.0000000e+00  -1.0720522e+00   0.0000000e+00  -8.7211782e-01   0.0000000e+00   4.3498813e-02
  -6.3825497e-02   0.0000000e+00  -1.0754953e+00   0.0000000e+00  -8.6067919e-01   0.0000000e+00   4.9233735e-02
  -7.3090798e-02   0.0000000e+00  -1.0790372e+00   0.0000000e+00  -8.4787197e-01   0.0000000e+00   5.5724755e-02
  -8.3875949e-02   0.0000000e+00  -1.0826735e+00   0.0000000e+00  -8.3345058e-01   0.0000000e+00   6.3071557e-02
  -9.6501944e-02   0.0000000e+00  -1.0863986e+00   0.0000000e+00  -8.1709946e-01   0.0000000e+00   7.1386967e-02
  -1.1139242e-01   0.0000000e+00  -1.0902063e+00   0.0000000e+00  -7.9840133e-01   0.0000000e+00   8.0798689e-02
  -1.2912734e-01   0.0000000e+00  -1.0940890e+00   0.0000000e+00  -7.7678363e-01   0.0000000e+00   9.1451261e-02
  -1.5054140e-01   0.0000000e+00  -1.0980385e+00   0.0000000e+00  -7.5142007e-01   0.0000000e+00   1.0350828e-01
  -1.7692495e-01   0.0000000e+00  -1.1020453e+00   0.0000000e+00  -7.2102973e-01   0.0000000e+00   1.1715490e-01
  -2.1050376e-01   0.0000000e+00  -1.1060990e+00   0.0000000e+00  -6.8339728e-01   0.0000000e+00   1.3260071e-01
  -2.5591650e-01   0.0000000e+00  -1.1101880e+00   0.0000000e+00  -6.3389546e-01   0.0000000e+00   1.5008291e-01
  -3.2803911e-01   0.0000000e+00  -1.1143002e+00   0.0000000e+00  -5.5766067e-01   0.0000000e+00   1.6986997e-01
  -4.2747503e-01   0.0000000e+00  -1.1164818e+00   0.0000000e+00  -4.5604314e-01   0.0000000e+00   1.8137904e-01
  -4.4174243e-01   1.4839207e-08  -1.1165151e+00   0.0000000e+00  -4.4174243e-01  -1.4839207e-08   1.8156060e-01
  -4.4172579e-01   1.4283328e-02  -1.1165484e+00   0.0000000e+00  -4.4172579e-01  -1.4283328e-02   1.8174216e-01
  -4.4078883e-01   1.0952098e-01  -1.1184223e+00   0.0000000e+00  -4.4078883e-01  -1.0952098e-01   1.9226578e-01
  -4.3872972e-01   2.0036640e-01  -1.1225406e+00   0.0000000e+00  -4.3872972e-01  -2.0036640e-01   2.1761427e-01
  -4.3667981e-01   2.6768128e-01  -1.1266404e+00   0.0000000e+00  -4.3667981e-01  -2.6768128e-01   2.4630473e-01
  -4.3464651e-01   3.2702369e-01  -1.1307070e+00   0.0000000e+00  -4.3464651e-01  -3.2702369e-01   2.7877777e-01
  -4.3263737e-01   3.8276348e-01  -1.1347253e+00   0.0000000e+00  -4.3263737e-01  -3.8276348e-01   3.1553208e-01
  -4.3065994e-01   4.3691682e-01  -1.1386801e+00   0.0000000e+00  -4.3065994e-01  -4.3691682e-01   3.5713212e-01
  -4.2872163e-01   4.9064949e-01  -1.1425567e+00   0.0000000e+00  -4.2872163e-01  -4.9064949e-01   4.0421673e-01
  -4.2682963e-01   5.4473949e-01  -1.1463407e+00   0.0000000e+00  -4.2682963e-01  -5.4473949e-01   4.5750903e-01
  -4.2499075e-01   5.9976315e-01  -1.1500185e+00   0.0000000e+00  -4.2499075e-01  -5.9976315e-01   5.1782743e-01
  -4.2321135e-01   6.5618321e-01  -1.1535773e+00   0.0000000e+00  -4.2321135e-01  -6.5618321e-01   5.8609827e-01
  -4.2149714e-01   7.1439551e-01  -1.1570057e+00   0.0000000e+00  -4.2149714e-01  -7.1439551e-01   6.6336999e-01
  -4.1985316e-01   7.7475588e-01  -1.1602937e+00   0.0000000e+00  -4.1985316e-01  -7.7475588e-01   7.5082928e-01
  -4.1828364e-01   8.3759676e-01  -1.1634327e+00   0.0000000e+00  -4.1828364e-01  -8.3759676e-01   8.4981929e-01
  -4.1679198e-01   9.0323805e-01  -1.1664160e+00   0.0000000e+00  -4.1679198e-01  -9.0323805e-01   9.6186023e-01
  -4.1538066e-01   9.7199454e-01  -1.1692387e+00   0.0000000e+00  -4.1538066e-01  -9.7199454e-01   1.0886727e+00
  -4.1405128e-01   1.0441813e+00  -1.1718974e+00   0.0000000e+00  -4.1405128e-01  -1.0441813e+00   1.2322043e+00
  -4.1280450e-01   1.1201178e+00  -1.1743910e+00   0.0000000e+00  -4.1280450e-01  -1.1201178e+00   1.3946593e+00
  -4.1164017e-01   1.2001311e+00  -1.1767197e+00   0.0000000e+00  -4.1164017e-01  -1.2001311e+00   1.5785324e+00
  -4.1055729e-01   1.2845584e+00  -1.1788854e+00   0.0000000e+00  -4.1055729e-01  -1.2845584e+00   1.7866475e+00
  -4.0955417e-01   1.3737496e+00  -1.1808917e+00   0.0000000e+00  -4.0955417e-01  -1.3737496e+00   2.0222007e+00
  -4.0862845e-01   1.4680692e+00  -1.1827431e+00   0.0000000e+00  -4.0862845e-01  -1.4680692e+00   2.2888095e+00
  -4.0777725e-01   1.5678986e+00  -1.1844455e+00   0.0000000e+00  -4.0777725e-01  -1.5678986e+00   2.5905682e+00
  -4.0699726e-01   1.6736374e+00  -1.1860055e+00   0.0000000e+00  -4.0699726e-01  -1.6736374e+00   2.9321110e+00
  -4.0628481e-01   1.7857060e+00  -1.1874304e+00   0.0000000e+00  -4.0628481e-01  -1.7857060e+00   3.3186832e+00
  -4.0563603e-01   1.9045469e+00  -1.1887279e+00   0.0000000e+00  -4.0563603e-01  -1.9045469e+00   3.7562213e+00
  -4.0504690e-01   2.0306271e+00  -1.1899062e+00   0.0000000e+00  -4.0504690e-01  -2.0306271e+00   4.2514449e+00
  -4.0451332e-01   2.1644397e+00  -1.1909734e+00   0.0000000e+00  -4.0451332e-01  -2.1644397e+00   4.8119592e+00
  -4.0403122e-01   2.3065063e+00  -1.1919376e+00   0.0000000e+00  -4.0403122e-01  -2.3065063e+00   5.4463723e+00
  -4.0359660e-01   2.4573789e+00  -1.1928068e+00   0.0000000e+00  -4.0359660e-01  -2.4573789e+00   6.1644269e+00
  -4.0320558e-01   2.6176425e+00  -1.1935888e+00   0.0000000e+00  -4.0320558e-01  -2.6176425e+00   6.9771505e+00
  -4.0285445e-01   2.7879171e+00  -1.1942911e+00   0.0000000e+00  -4.0285445e-01  -2.7879171e+00   7.8970242e+00
  -4.0253966e-01   2.9688602e+00  -1.1949207e+00   0.0000000e+00  -4.0253966e-01  -2.9688602e+00   8.9381750e+00
  -4.0225789e-01   3.1611698e+00  -1.1954842e+00   0.0000000e+00  -4.0225789e-01  -3.1611698e+00   1.0116592e+01
  -4.0200602e-01   3.3655869e+00  -1.1959880e+00   0.0000000e+00  -4.0200602e-01  -3.3655869e+00   1.1450373e+01
  -4.0178117e-01   3.5828982e+00  -1.1964377e+00   0.0000000e+00  -4.0178117e-01  -3.5828982e+00   1.2960000e+01
  -4.0000462e-01   7.2106276e+01  -1.1999908e+00   0.0000000e+00  -4.0000462e-01  -7.2106276e+01   5.1994351e+03
             Inf   0.0000000e+00  -1.2000000e+00   0.0000000e+00             Inf   0.0000000e+00             Inf
