   0.0000000e+00   0.0000000e+00  -1.0000000e+00   0.0000000e+00  -1.0000000e+00   0.0000000e+00   0.0000000e+00
  -1.1248544e-02   0.0000000e+00  -9.9437573e-01   1.0651926e-01  -9.9437573e-01  -1.0651926e-01   2.2500000e-02
  -1.2711119e-02   0.0000000e+00  -9.9364444e-01   1.1329834e-01  -9.9364444e-01  -1.1329834e-01   2.5426453e-02
  -1.4363716e-02   0.0000000e+00  -9.9281814e-01   1.2051786e-01  -9.9281814e-01  -1.2051786e-01   2.8733534e-02
  -1.6230955e-02   0.0000000e+00  -9.9188452e-01   1.2820833e-01  -9.9188452e-01  -1.2820833e-01   3.2470750e-02
  -1.8340618e-02   0.0000000e+00  -9.9082969e-01   1.3640275e-01  -9.9082969e-01  -1.3640275e-01   3.6694044e-02
  -2.0724034e-02   0.0000000e+00  -9.8963798e-01   1.4513690e-01  -9.8963798e-01  -1.4513690e-01   4.1466640e-02
  -2.3416520e-02   0.0000000e+00  -9.8829174e-01   1.5444971e-01  -9.8829174e-01  -1.5444971e-01   4.6859981e-02
  -2.6457847e-02   0.0000000e+00  -9.8677108e-01   1.6438361e-01  -9.8677108e-01  -1.6438361e-01   5.2954805e-02
  -2.9892765e-02   0.0000000e+00  -9.8505362e-01   1.7498505e-01  -9.8505362e-01  -1.7498505e-01   5.9842350e-02
  -3.3771553e-02   0.0000000e+00  -9.8311422e-01   1.8630501e-01  -9.8311422e-01  -1.8630501e-01   6.7625720e-02
  -3.8150602e-02   0.0000000e+00  -9.8092470e-01   1.9839967e-01  -9.8092470e-01  -1.9839967e-01   7.6421432e-02
  -4.3093005e-02   0.0000000e+00  -9.7845350e-01   2.1133126e-01  -9.7845350e-01  -2.1133126e-01   8.6361154e-02
  -4.8669127e-02   0.0000000e+00  -9.7566544e-01   2.2516897e-01  -9.7566544e-01  -2.2516897e-01   9.7593681e-02
  -5.4957098e-02   0.0000000e+00  -9.7252145e-01   2.3999016e-01  -9.7252145e-01  -2.3999016e-01   1.1028716e-01
  -6.2043149e-02   0.0000000e+00  -9.6897843e-01   2.5588177e-01  -9.6897843e-01  -2.5588177e-01   1.2463162e-01
  -7.0021661e-02   0.0000000e+00  -9.6498917e-01   2.7294210e-01  -9.6498917e-01  -2.7294210e-01   1.4084178e-01
  -7.8994720e-02   0.0000000e+00  -9.6050264e-01   2.9128287e-01  -9.6050264e-01  -2.9128287e-01   1.5916030e-01
  -8.9070886e-02   0.0000000e+00  -9.5546456e-01   3.1103176e-01  -9.5546456e-01  -3.1103176e-01   1.7986142e-01
  -1.0036271e-01   0.0000000e+00  -9.4981864e-01   3.3233540e-01  -9.4981864e-01  -3.3233540e-01   2.0325502e-01
  -1.1298240e-01   0.0000000e+00  -9.4350880e-01   3.5536273e-01  -9.4350880e-01  -3.5536273e-01   2.2969131e-01
  -1.2703468e-01   0.0000000e+00  -9.3648266e-01   3.8030868e-01  -9.3648266e-01  -3.8030868e-01   2.5956601e-01
  -1.4260590e-01   0.0000000e+00  -9.2869705e-01   4.0739758e-01  -9.2869705e-01  -4.0739758e-01   2.9332636e-01
  -1.5974817e-01   0.0000000e+00  -9.2012592e-01   4.3688576e-01  -9.2012592e-01  -4.3688576e-01   3.3147773e-01
  -1.7845791e-01   0.0000000e+00  -9.1077104e-01   4.6906156e-01  -9.1077104e-01  -4.6906156e-01   3.7459124e-01
  -1.9864962e-01   0.0000000e+00  -9.0067519e-01   5.0424094e-01  -9.0067519e-01  -5.0424094e-01   4.2331229e-01
  -2.2012869e-01   0.0000000e+00  -8.8993566e-01   5.4275595e-01  -8.8993566e-01  -5.4275595e-01   4.7837023e-01
  -2.4257192e-01   0.0000000e+00  -8.7871404e-01   5.8493435e-01  -8.7871404e-01  -5.8493435e-01   5.4058926e-01
  -2.6552837e-01   0.0000000e+00  -8.6723582e-01   6.3107162e-01  -8.6723582e-01  -6.3107162e-01   6.1090078e-01
  -2.8845239e-01   0.0000000e+00  -8.5577381e-01   6.8140189e-01  -8.5577381e-01  -6.8140189e-01   6.9035733e-01
  -3.1076990e-01   0.0000000e+00  -8.4461505e-01   7.3607875e-01  -8.4461505e-01  -7.3607875e-01   7.8014837e-01
  -3.3196095e-01   0.0000000e+00  -8.3401953e-01   7.9517649e-01  -8.3401953e-01  -7.9517649e-01   8.8161805e-01
  -3.5162932e-01   0.0000000e+00  -8.2418534e-01   8.5871322e-01  -8.2418534e-01  -8.5871322e-01   9.9628533e-01
  -3.6953611e-01   0.0000000e+00  -8.1523194e-01   9.2668677e-01  -8.1523194e-01  -9.2668677e-01   1.1258668e+00
  -3.8559340e-01   0.0000000e+00  -8.0720330e-01   9.9910984e-01  -8.0720330e-01  -9.9910984e-01   1.2723022e+00
  -3.9983183e-01   0.0000000e+00  -8.0008409e-01   1.0760348e+00  -8.0008409e-01  -1.0760348e+00   1.4377836e+00
  -4.1235999e-01   0.0000000e+00  -7.9382001e-01   1.1575660e+00  -7.9382001e-01  -1.1575660e+00   1.6247884e+00
  -4.2332841e-01   0.0000000e+00  -7.8833579e-01   1.2438620e+00  -7.8833579e-01  -1.2438620e+00   1.8361158e+00
  -4.3290319e-01   0.0000000e+00  -7.8354840e-01   1.3351330e+00  -7.8354840e-01  -1.3351330e+00   2.0749294e+00
  -4.4124922e-01   0.0000000e+00  -7.7937539e-01   1.4316357e+00  -7.7937539e-01  -1.4316357e+00   2.3448043e+00
  -4.4852090e-01   0.0000000e+00  -7.7573955e-01   1.5336680e+00  -7.7573955e-01  -1.5336680e+00   2.6497802e+00
  -4.5485787e-01   0.0000000e+00  -7.7257107e-01   1.6415653e+00  -7.7257107e-01  -1.6415653e+00   2.9944228e+00
  -4.6038372e-01   0.0000000e+00  -7.6980814e-01   1.7556971e+00  -7.6980814e-01  -1.7556971e+00   3.3838912e+00
  -4.6520648e-01   0.0000000e+00  -7.6739676e-01   1.8764653e+00  -7.6739676e-01  -1.8764653e+00   3.8240156e+00
  -4.6941978e-01   0.0000000e+00  -7.6529011e-01   2.0043031e+00  -7.6529011e-01  -2.0043031e+00   4.3213846e+00
  -4.7310448e-01   0.0000000e+00  -7.6344776e-01   2.1396752e+00  -7.6344776e-01  -2.1396752e+00   4.8834437e+00
  -4.7633025e-01   0.0000000e+00  -7.6183488e-01   2.2830778e+00  -7.6183488e-01  -2.2830778e+00   5.5186068e+00
  -4.7915707e-01   0.0000000e+00  -7.6042146e-01   2.4350398e+00  -7.6042146e-01  -2.4350398e+00   6.2363821e+00
  -4.8163664e-01   0.0000000e+00  -7.5918168e-01   2.5961237e+00  -7.5918168e-01  -2.5961237e+00   7.0475145e+00
  -4.8381354e-01   0.0000000e+00  -7.5809323e-01   2.7669278e+00  -7.5809323e-01  -2.7669278e+00   7.9641466e+00
  -4.8572626e-01   0.0000000e+00  -7.5713687e-01   2.9480877e+00  -7.5713687e-01  -2.9480877e+00   9.0000000e+00
  -4.9996627e-01   0.0000000e+00  -7.5001687e-01   6.0872642e+01  -7.5001687e-01  -6.0872642e+01   3.7057910e+03
  -5.0000000e-01   0.0000000e+00             Inf   0.0000000e+00             Inf   0.0000000e+00             Inf
