   0.0000000e+00   0.0000000e+00  -1.0000000e+00   0.0000000e+00  -1.0000000e+00   0.0000000e+00   0.0000000e+00
  -2.5516269e-03   0.0000000e+00  -9.9872419e-01   1.0154014e-01  -9.9872419e-01  -1.0154014e-01   1.2857143e-02
  -2.9133928e-03   0.0000000e+00  -9.9854330e-01   1.0857837e-01  -9.9854330e-01  -1.0857837e-01   1.4696289e-02
  -3.3259194e-03   0.0000000e+00  -9.9833704e-01   1.1610725e-01  -9.9833704e-01  -1.1610725e-01   1.6798516e-02
  -3.7961662e-03   0.0000000e+00  -9.9810192e-01   1.2416158e-01  -9.9810192e-01  -1.2416158e-01   1.9201455e-02
  -4.3319964e-03   0.0000000e+00  -9.9783400e-01   1.3277877e-01  -9.9783400e-01  -1.3277877e-01   2.1948122e-02
  -4.9422783e-03   0.0000000e+00  -9.9752886e-01   1.4199904e-01  -9.9752886e-01  -1.4199904e-01   2.5087685e-02
  -5.6369932e-03   0.0000000e+00  -9.9718150e-01   1.5186568e-01  -9.9718150e-01  -1.5186568e-01   2.8676347e-02
  -6.4273476e-03   0.0000000e+00  -9.9678633e-01   1.6242531e-01  -9.9678633e-01  -1.6242531e-01   3.2778347e-02
  -7.3258875e-03   0.0000000e+00  -9.9633706e-01   1.7372818e-01  -9.9633706e-01  -1.7372818e-01   3.7467117e-02
  -8.3466115e-03   0.0000000e+00  -9.9582669e-01   1.8582849e-01  -9.9582669e-01  -1.8582849e-01   4.2826590e-02
  -9.5050766e-03   0.0000000e+00  -9.9524746e-01   1.9878479e-01  -9.9524746e-01  -1.9878479e-01   4.8952708e-02
  -1.0818490e-02   0.0000000e+00  -9.9459075e-01   2.1266035e-01  -9.9459075e-01  -2.1266035e-01   5.5955135e-02
  -1.2305777e-02   0.0000000e+00  -9.9384711e-01   2.2752367e-01  -9.9384711e-01  -2.2752367e-01   6.3959222e-02
  -1.3987610e-02   0.0000000e+00  -9.9300619e-01   2.4344893e-01  -9.9300619e-01  -2.4344893e-01   7.3108252e-02
  -1.5886384e-02   0.0000000e+00  -9.9205681e-01   2.6051660e-01  -9.9205681e-01  -2.6051660e-01   8.3566002e-02
  -1.8026111e-02   0.0000000e+00  -9.9098694e-01   2.7881405e-01  -9.9098694e-01  -2.7881405e-01   9.5519678e-02
  -2.0432218e-02   0.0000000e+00  -9.8978389e-01   2.9843618e-01  -9.8978389e-01  -2.9843618e-01   1.0918326e-01
  -2.3131194e-02   0.0000000e+00  -9.8843440e-01   3.1948623e-01  -9.8843440e-01  -3.1948623e-01   1.2480135e-01
  -2.6150076e-02   0.0000000e+00  -9.8692496e-01   3.4207649e-01  -9.8692496e-01  -3.4207649e-01   1.4265353e-01
  -2.9515702e-02   0.0000000e+00  -9.8524215e-01   3.6632915e-01  -9.8524215e-01  -3.6632915e-01   1.6305937e-01
  -3.3253712e-02   0.0000000e+00  -9.8337314e-01   3.9237711e-01  -9.8337314e-01  -3.9237711e-01   1.8638415e-01
  -3.7387254e-02   0.0000000e+00  -9.8130637e-01   4.2036475e-01  -9.8130637e-01  -4.2036475e-01   2.1304542e-01
  -4.1935373e-02   0.0000000e+00  -9.7903231e-01   4.5044867e-01  -9.7903231e-01  -4.5044867e-01   2.4352044e-01
  -4.6911092e-02   0.0000000e+00  -9.7654445e-01   4.8279826e-01  -9.7654445e-01  -4.8279826e-01   2.7835476e-01
  -5.2319263e-02   0.0000000e+00  -9.7384037e-01   5.1759604e-01  -9.7384037e-01  -5.1759604e-01   3.1817194e-01
  -5.8154292e-02   0.0000000e+00  -9.7092285e-01   5.5503775e-01  -9.7092285e-01  -5.5503775e-01   3.6368476e-01
  -6.4397973e-02   0.0000000e+00  -9.6780101e-01   5.9533209e-01  -9.6780101e-01  -5.9533209e-01   4.1570795e-01
  -7.1017722e-02   0.0000000e+00  -9.6449114e-01   6.3870000e-01  -9.6449114e-01  -6.3870000e-01   4.7517278e-01
  -7.7965572e-02   0.0000000e+00  -9.6101721e-01   6.8537372e-01  -9.6101721e-01  -6.8537372e-01   5.4314374e-01
  -8.5178312e-02   0.0000000e+00  -9.5741084e-01   7.3559553e-01  -9.5741084e-01  -7.3559553e-01   6.2083759e-01
  -9.2579036e-02   0.0000000e+00  -9.5371048e-01   7.8961652e-01  -9.5371048e-01  -7.8961652e-01   7.0964513e-01
  -1.0008023e-01   0.0000000e+00  -9.4995989e-01   8.4769566e-01  -9.4995989e-01  -8.4769566e-01   8.1115613e-01
  -1.0758818e-01   0.0000000e+00  -9.4620591e-01   9.1009943e-01  -9.4620591e-01  -9.1009943e-01   9.2718774e-01
  -1.1500828e-01   0.0000000e+00  -9.4249586e-01   9.7710233e-01  -9.4249586e-01  -9.7710233e-01   1.0598171e+00
  -1.2225049e-01   0.0000000e+00  -9.3887476e-01   1.0489884e+00  -9.3887476e-01  -1.0489884e+00   1.2114183e+00
  -1.2923427e-01   0.0000000e+00  -9.3538287e-01   1.1260538e+00  -9.3538287e-01  -1.1260538e+00   1.3847053e+00
  -1.3589232e-01   0.0000000e+00  -9.3205384e-01   1.2086099e+00  -9.3205384e-01  -1.2086099e+00   1.5827801e+00
  -1.4217278e-01   0.0000000e+00  -9.2891361e-01   1.2969871e+00  -9.2891361e-01  -1.2969871e+00   1.8091884e+00
  -1.4803987e-01   0.0000000e+00  -9.2598006e-01   1.3915388e+00  -9.2598006e-01  -1.3915388e+00   2.0679833e+00
  -1.5347315e-01   0.0000000e+00  -9.2326342e-01   1.4926452e+00  -9.2326342e-01  -1.4926452e+00   2.3637974e+00
  -1.5846582e-01   0.0000000e+00  -9.2076709e-01   1.6007167e+00  -9.2076709e-01  -1.6007167e+00   2.7019262e+00
  -1.6302244e-01   0.0000000e+00  -9.1848878e-01   1.7161970e+00  -9.1848878e-01  -1.7161970e+00   3.0884225e+00
  -1.6715645e-01   0.0000000e+00  -9.1642177e-01   1.8395664e+00  -9.1642177e-01  -1.8395664e+00   3.5302051e+00
  -1.7088783e-01   0.0000000e+00  -9.1455608e-01   1.9713438e+00  -9.1455608e-01  -1.9713438e+00   4.0351823e+00
  -1.7424091e-01   0.0000000e+00  -9.1287954e-01   2.1120897e+00  -9.1287954e-01  -2.1120897e+00   4.6123938e+00
  -1.7724263e-01   0.0000000e+00  -9.1137869e-01   2.2624082e+00  -9.1137869e-01  -2.2624082e+00   5.2721725e+00
  -1.7992107e-01   0.0000000e+00  -9.1003946e-01   2.4229500e+00  -9.1003946e-01  -2.4229500e+00   6.0263289e+00
  -1.8230443e-01   0.0000000e+00  -9.0884778e-01   2.5944142e+00  -9.0884778e-01  -2.5944142e+00   6.8883635e+00
  -1.8442019e-01   0.0000000e+00  -9.0778990e-01   2.7775521e+00  -9.0778990e-01  -2.7775521e+00   7.8737076e+00
  -1.8629459e-01   0.0000000e+00  -9.0685271e-01   2.9731691e+00  -9.0685271e-01  -2.9731691e+00   9.0000000e+00
  -1.9996688e-01   0.0000000e+00  -9.0001656e-01   6.2166523e+01  -9.0001656e-01  -6.2166523e+01   3.8648466e+03
  -2.0000000e-01   0.0000000e+00             Inf   0.0000000e+00             Inf   0.0000000e+00             Inf
