   0.0000000e+00   0.0000000e+00  -6.0000000e-01   8.0000000e-01  -6.0000000e-01  -8.0000000e-01   0.0000000e+00
  -3.2489125e-02   0.0000000e+00  -5.8375544e-01   8.9882903e-01  -5.8375544e-01  -8.9882903e-01   1.8659545e-01
  -3.4776914e-02   0.0000000e+00  -5.8261154e-01   9.0664000e-01  -5.8261154e-01  -9.0664000e-01   2.0195516e-01
  -3.7194552e-02   0.0000000e+00  -5.8140272e-01   9.1504101e-01  -5.8140272e-01  -9.1504101e-01   2.1857921e-01
  -3.9744659e-02   0.0000000e+00  -5.8012767e-01   9.2407230e-01  -5.8012767e-01  -9.2407230e-01   2.3657168e-01
  -4.2429158e-02   0.0000000e+00  -5.7878542e-01   9.3377615e-01  -5.7878542e-01  -9.3377615e-01   2.5604522e-01
  -4.5249157e-02   0.0000000e+00  -5.7737542e-01   9.4419693e-01  -5.7737542e-01  -9.4419693e-01   2.7712173e-01
  -4.8204837e-02   0.0000000e+00  -5.7589758e-01   9.5538110e-01  -5.7589758e-01  -9.5538110e-01   2.9993316e-01
  -5.1295339e-02   0.0000000e+00  -5.7435233e-01   9.6737714e-01  -5.7435233e-01  -9.6737714e-01   3.2462233e-01
  -5.4518663e-02   0.0000000e+00  -5.7274067e-01   9.8023559e-01  -5.7274067e-01  -9.8023559e-01   3.5134380e-01
  -5.7871572e-02   0.0000000e+00  -5.7106421e-01   9.9400894e-01  -5.7106421e-01  -9.9400894e-01   3.8026487e-01
  -6.1349517e-02   0.0000000e+00  -5.6932524e-01   1.0087516e+00  -5.6932524e-01  -1.0087516e+00   4.1156659e-01
  -6.4946582e-02   0.0000000e+00  -5.6752671e-01   1.0245197e+00  -5.6752671e-01  -1.0245197e+00   4.4544493e-01
  -6.8655453e-02   0.0000000e+00  -5.6567227e-01   1.0413712e+00  -5.6567227e-01  -1.0413712e+00   4.8211199e-01
  -7.2467424e-02   0.0000000e+00  -5.6376629e-01   1.0593656e+00  -5.6376629e-01  -1.0593656e+00   5.2179731e-01
  -7.6372428e-02   0.0000000e+00  -5.6181379e-01   1.0785641e+00  -5.6181379e-01  -1.0785641e+00   5.6474936e-01
  -8.0359117e-02   0.0000000e+00  -5.5982044e-01   1.0990290e+00  -5.5982044e-01  -1.0990290e+00   6.1123702e-01
  -8.4414967e-02   0.0000000e+00  -5.5779252e-01   1.1208242e+00  -5.5779252e-01  -1.1208242e+00   6.6155135e-01
  -8.8526432e-02   0.0000000e+00  -5.5573678e-01   1.1440145e+00  -5.5573678e-01  -1.1440145e+00   7.1600733e-01
  -9.2679118e-02   0.0000000e+00  -5.5366044e-01   1.1686661e+00  -5.5366044e-01  -1.1686661e+00   7.7494588e-01
  -9.6858003e-02   0.0000000e+00  -5.5157100e-01   1.1948461e+00  -5.5157100e-01  -1.1948461e+00   8.3873600e-01
  -1.0104766e-01   0.0000000e+00  -5.4947617e-01   1.2226228e+00  -5.4947617e-01  -1.2226228e+00   9.0777703e-01
  -1.0523250e-01   0.0000000e+00  -5.4738375e-01   1.2520651e+00  -5.4738375e-01  -1.2520651e+00   9.8250122e-01
  -1.0939706e-01   0.0000000e+00  -5.4530147e-01   1.2832435e+00  -5.4530147e-01  -1.2832435e+00   1.0633764e+00
  -1.1352617e-01   0.0000000e+00  -5.4323691e-01   1.3162292e+00  -5.4323691e-01  -1.3162292e+00   1.1509088e+00
  -1.1760529e-01   0.0000000e+00  -5.4119736e-01   1.3510946e+00  -5.4119736e-01  -1.3510946e+00   1.2456465e+00
  -1.2162063e-01   0.0000000e+00  -5.3918968e-01   1.3879135e+00  -5.3918968e-01  -1.3879135e+00   1.3481826e+00
  -1.2555940e-01   0.0000000e+00  -5.3722030e-01   1.4267611e+00  -5.3722030e-01  -1.4267611e+00   1.4591591e+00
  -1.2940992e-01   0.0000000e+00  -5.3529504e-01   1.4677141e+00  -5.3529504e-01  -1.4677141e+00   1.5792706e+00
  -1.3316177e-01   0.0000000e+00  -5.3341912e-01   1.5108511e+00  -5.3341912e-01  -1.5108511e+00   1.7092691e+00
  -1.3680582e-01   0.0000000e+00  -5.3159709e-01   1.5562525e+00  -5.3159709e-01  -1.5562525e+00   1.8499686e+00
  -1.4033433e-01   0.0000000e+00  -5.2983283e-01   1.6040011e+00  -5.2983283e-01  -1.6040011e+00   2.0022498e+00
  -1.4374095e-01   0.0000000e+00  -5.2812953e-01   1.6541819e+00  -5.2812953e-01  -1.6541819e+00   2.1670662e+00
  -1.4702064e-01   0.0000000e+00  -5.2648968e-01   1.7068827e+00  -5.2648968e-01  -1.7068827e+00   2.3454495e+00
  -1.5016970e-01   0.0000000e+00  -5.2491515e-01   1.7621941e+00  -5.2491515e-01  -1.7621941e+00   2.5385165e+00
  -1.5318566e-01   0.0000000e+00  -5.2340717e-01   1.8202099e+00  -5.2340717e-01  -1.8202099e+00   2.7474759e+00
  -1.5606720e-01   0.0000000e+00  -5.2196640e-01   1.8810272e+00  -5.2196640e-01  -1.8810272e+00   2.9736360e+00
  -1.5881405e-01   0.0000000e+00  -5.2059297e-01   1.9447469e+00  -5.2059297e-01  -1.9447469e+00   3.2184125e+00
  -1.6142691e-01   0.0000000e+00  -5.1928654e-01   2.0114736e+00  -5.1928654e-01  -2.0114736e+00   3.4833380e+00
  -1.6390730e-01   0.0000000e+00  -5.1804635e-01   2.0813159e+00  -5.1804635e-01  -2.0813159e+00   3.7700710e+00
  -1.6625747e-01   0.0000000e+00  -5.1687126e-01   2.1543870e+00  -5.1687126e-01  -2.1543870e+00   4.0804065e+00
  -1.6848031e-01   0.0000000e+00  -5.1575984e-01   2.2308045e+00  -5.1575984e-01  -2.2308045e+00   4.4162875e+00
  -1.7057923e-01   0.0000000e+00  -5.1471039e-01   2.3106908e+00  -5.1471039e-01  -2.3106908e+00   4.7798168e+00
  -1.7255804e-01   0.0000000e+00  -5.1372098e-01   2.3941737e+00  -5.1372098e-01  -2.3941737e+00   5.1732701e+00
  -1.7442092e-01   0.0000000e+00  -5.1278954e-01   2.4813858e+00  -5.1278954e-01  -2.4813858e+00   5.5991108e+00
  -1.7617228e-01   0.0000000e+00  -5.1191386e-01   2.5724655e+00  -5.1191386e-01  -2.5724655e+00   6.0600048e+00
  -1.7781672e-01   0.0000000e+00  -5.1109164e-01   2.6675572e+00  -5.1109164e-01  -2.6675572e+00   6.5588376e+00
  -1.7935895e-01   0.0000000e+00  -5.1032053e-01   2.7668112e+00  -5.1032053e-01  -2.7668112e+00   7.0987321e+00
  -1.8080373e-01   0.0000000e+00  -5.0959813e-01   2.8703839e+00  -5.0959813e-01  -2.8703839e+00   7.6830683e+00
  -1.8215586e-01   0.0000000e+00  -5.0892207e-01   2.9784386e+00  -5.0892207e-01  -2.9784386e+00   8.3155045e+00
  -1.8342007e-01   0.0000000e+00  -5.0828996e-01   3.0911454e+00  -5.0828996e-01  -3.0911454e+00   9.0000000e+00
  -1.9995925e-01   0.0000000e+00  -5.0002038e-01   6.2657526e+01  -5.0002038e-01  -6.2657526e+01   3.9254155e+03
  -2.0000000e-01   0.0000000e+00             Inf   0.0000000e+00             Inf   0.0000000e+00             Inf
