   0.0000000e+00   0.0000000e+00  -6.0000000e-01   8.0000000e-01  -6.0000000e-01  -8.0000000e-01   0.0000000e+00
  -9.5456295e-02   0.0000000e+00  -5.5227185e-01   8.5487435e-01  -5.5227185e-01  -8.5487435e-01   1.4125000e-01
  -1.0345389e-01   0.0000000e+00  -5.4827306e-01   8.6005981e-01  -5.4827306e-01  -8.6005981e-01   1.5374817e-01
  -1.1205446e-01   0.0000000e+00  -5.4397277e-01   8.6575787e-01  -5.4397277e-01  -8.6575787e-01   1.6735222e-01
  -1.2128679e-01   0.0000000e+00  -5.3935661e-01   8.7202109e-01  -5.3935661e-01  -8.7202109e-01   1.8215999e-01
  -1.3117673e-01   0.0000000e+00  -5.3441163e-01   8.7890696e-01  -5.3441163e-01  -8.7890696e-01   1.9827799e-01
  -1.4174594e-01   0.0000000e+00  -5.2912703e-01   8.8647816e-01  -5.2912703e-01  -8.8647816e-01   2.1582215e-01
  -1.5301038e-01   0.0000000e+00  -5.2349481e-01   8.9480253e-01  -5.2349481e-01  -8.9480253e-01   2.3491867e-01
  -1.6497875e-01   0.0000000e+00  -5.1751063e-01   9.0395306e-01  -5.1751063e-01  -9.0395306e-01   2.5570489e-01
  -1.7765077e-01   0.0000000e+00  -5.1117461e-01   9.1400751e-01  -5.1117461e-01  -9.1400751e-01   2.7833034e-01
  -1.9101554e-01   0.0000000e+00  -5.0449223e-01   9.2504790e-01  -5.0449223e-01  -9.2504790e-01   3.0295774e-01
  -2.0504999e-01   0.0000000e+00  -4.9747501e-01   9.3715974e-01  -4.9747501e-01  -9.3715974e-01   3.2976425e-01
  -2.1971779e-01   0.0000000e+00  -4.9014111e-01   9.5043091e-01  -4.9014111e-01  -9.5043091e-01   3.5894266e-01
  -2.3496872e-01   0.0000000e+00  -4.8251564e-01   9.6495044e-01  -4.8251564e-01  -9.6495044e-01   3.9070286e-01
  -2.5073879e-01   0.0000000e+00  -4.7463061e-01   9.8080705e-01  -4.7463061e-01  -9.8080705e-01   4.2527329e-01
  -2.6695122e-01   0.0000000e+00  -4.6652439e-01   9.9808771e-01  -4.6652439e-01  -9.9808771e-01   4.6290259e-01
  -2.8351828e-01   0.0000000e+00  -4.5824086e-01   1.0168763e+00  -4.5824086e-01  -1.0168763e+00   5.0386144e-01
  -3.0034395e-01   0.0000000e+00  -4.4982802e-01   1.0372526e+00  -4.4982802e-01  -1.0372526e+00   5.4844444e-01
  -3.1732716e-01   0.0000000e+00  -4.4133642e-01   1.0592914e+00  -4.4133642e-01  -1.0592914e+00   5.9697226e-01
  -3.3436531e-01   0.0000000e+00  -4.3281735e-01   1.0830627e+00  -4.3281735e-01  -1.0830627e+00   6.4979394e-01
  -3.5135778e-01   0.0000000e+00  -4.2432111e-01   1.1086316e+00  -4.2432111e-01  -1.1086316e+00   7.0728943e-01
  -3.6820911e-01   0.0000000e+00  -4.1589544e-01   1.1360591e+00  -4.1589544e-01  -1.1360591e+00   7.6987228e-01
  -3.8483149e-01   0.0000000e+00  -4.0758425e-01   1.1654034e+00  -4.0758425e-01  -1.1654034e+00   8.3799262e-01
  -4.0114662e-01   0.0000000e+00  -3.9942669e-01   1.1967211e+00  -3.9942669e-01  -1.1967211e+00   9.1214043e-01
  -4.1708678e-01   0.0000000e+00  -3.9145661e-01   1.2300683e+00  -3.9145661e-01  -1.2300683e+00   9.9284903e-01
  -4.3259517e-01   0.0000000e+00  -3.8370242e-01   1.2655022e+00  -3.8370242e-01  -1.2655022e+00   1.0806989e+00
  -4.4762574e-01   0.0000000e+00  -3.7618713e-01   1.3030822e+00  -3.7618713e-01  -1.3030822e+00   1.1763221e+00
  -4.6214257e-01   0.0000000e+00  -3.6892871e-01   1.3428710e+00  -3.6892871e-01  -1.3428710e+00   1.2804061e+00
  -4.7611900e-01   0.0000000e+00  -3.6194050e-01   1.3849352e+00  -3.6194050e-01  -1.3849352e+00   1.3936999e+00
  -4.8953658e-01   0.0000000e+00  -3.5523171e-01   1.4293463e+00  -3.5523171e-01  -1.4293463e+00   1.5170181e+00
  -5.0238404e-01   0.0000000e+00  -3.4880798e-01   1.4761808e+00  -3.4880798e-01  -1.4761808e+00   1.6512479e+00
  -5.1465622e-01   0.0000000e+00  -3.4267189e-01   1.5255210e+00  -3.4267189e-01  -1.5255210e+00   1.7973547e+00
  -5.2635314e-01   0.0000000e+00  -3.3682343e-01   1.5774547e+00  -3.3682343e-01  -1.5774547e+00   1.9563894e+00
  -5.3747912e-01   0.0000000e+00  -3.3126044e-01   1.6320758e+00  -3.3126044e-01  -1.6320758e+00   2.1294959e+00
  -5.4804200e-01   0.0000000e+00  -3.2597900e-01   1.6894842e+00  -3.2597900e-01  -1.6894842e+00   2.3179194e+00
  -5.5805254e-01   0.0000000e+00  -3.2097373e-01   1.7497858e+00  -3.2097373e-01  -1.7497858e+00   2.5230150e+00
  -5.6752381e-01   0.0000000e+00  -3.1623809e-01   1.8130930e+00  -3.1623809e-01  -1.8130930e+00   2.7462581e+00
  -5.7647073e-01   0.0000000e+00  -3.1176464e-01   1.8795241e+00  -3.1176464e-01  -1.8795241e+00   2.9892543e+00
  -5.8490966e-01   0.0000000e+00  -3.0754517e-01   1.9492037e+00  -3.0754517e-01  -1.9492037e+00   3.2537514e+00
  -5.9285808e-01   0.0000000e+00  -3.0357096e-01   2.0222630e+00  -3.0357096e-01  -2.0222630e+00   3.5416520e+00
  -6.0033428e-01   0.0000000e+00  -2.9983286e-01   2.0988395e+00  -2.9983286e-01  -2.0988395e+00   3.8550268e+00
  -6.0735714e-01   0.0000000e+00  -2.9632143e-01   2.1790772e+00  -2.9632143e-01  -2.1790772e+00   4.1961297e+00
  -6.1394589e-01   0.0000000e+00  -2.9302705e-01   2.2631271e+00  -2.9302705e-01  -2.2631271e+00   4.5674144e+00
  -6.2011994e-01   0.0000000e+00  -2.8994003e-01   2.3511467e+00  -2.8994003e-01  -2.3511467e+00   4.9715514e+00
  -6.2589875e-01   0.0000000e+00  -2.8705063e-01   2.4433011e+00  -2.8705063e-01  -2.4433011e+00   5.4114474e+00
  -6.3130165e-01   0.0000000e+00  -2.8434918e-01   2.5397622e+00  -2.8434918e-01  -2.5397622e+00   5.8902666e+00
  -6.3634777e-01   0.0000000e+00  -2.8182612e-01   2.6407098e+00  -2.8182612e-01  -2.6407098e+00   6.4114530e+00
  -6.4105592e-01   0.0000000e+00  -2.7947204e-01   2.7463314e+00  -2.7947204e-01  -2.7463314e+00   6.9787554e+00
  -6.4544450e-01   0.0000000e+00  -2.7727775e-01   2.8568228e+00  -2.7727775e-01  -2.8568228e+00   7.5962542e+00
  -6.4953145e-01   0.0000000e+00  -2.7523427e-01   2.9723880e+00  -2.7523427e-01  -2.9723880e+00   8.2683909e+00
  -6.5333419e-01   0.0000000e+00  -2.7333291e-01   3.0932400e+00  -2.7333291e-01  -3.0932400e+00   9.0000000e+00
  -6.9988206e-01   0.0000000e+00  -2.5005897e-01   6.2110589e+01  -2.5005897e-01  -6.2110589e+01   3.8571378e+03
  -7.0000000e-01   0.0000000e+00             Inf   0.0000000e+00             Inf   0.0000000e+00             Inf
