   0.0000000e+00   0.0000000e+00  -6.0000000e-01   8.0000000e-01  -6.0000000e-01  -8.0000000e-01   0.0000000e+00
  -1.0760268e-01   0.0000000e+00  -5.4619866e-01   8.1917350e-01  -5.4619866e-01  -8.1917350e-01   8.6923077e-02
  -1.1944099e-01   0.0000000e+00  -5.4027951e-01   8.2176953e-01  -5.4027951e-01  -8.2176953e-01   9.6270144e-02
  -1.3257207e-01   0.0000000e+00  -5.3371396e-01   8.2477912e-01  -5.3371396e-01  -8.2477912e-01   1.0662233e-01
  -1.4712124e-01   0.0000000e+00  -5.2643938e-01   8.2828042e-01  -5.2643938e-01  -8.2828042e-01   1.1808770e-01
  -1.6321623e-01   0.0000000e+00  -5.1839189e-01   8.3236765e-01  -5.1839189e-01  -8.3236765e-01   1.3078598e-01
  -1.8098188e-01   0.0000000e+00  -5.0950906e-01   8.3715378e-01  -5.0950906e-01  -8.3715378e-01   1.4484975e-01
  -2.0053220e-01   0.0000000e+00  -4.9973390e-01   8.4277302e-01  -4.9973390e-01  -8.4277302e-01   1.6042582e-01
  -2.2195924e-01   0.0000000e+00  -4.8902038e-01   8.4938255e-01  -4.8902038e-01  -8.4938255e-01   1.7767683e-01
  -2.4531891e-01   0.0000000e+00  -4.7734054e-01   8.5716251e-01  -4.7734054e-01  -8.5716251e-01   1.9678288e-01
  -2.7061443e-01   0.0000000e+00  -4.6469278e-01   8.6631342e-01  -4.6469278e-01  -8.6631342e-01   2.1794346e-01
  -2.9777987e-01   0.0000000e+00  -4.5111006e-01   8.7704972e-01  -4.5111006e-01  -8.7704972e-01   2.4137950e-01
  -3.2666773e-01   0.0000000e+00  -4.3666613e-01   8.8958917e-01  -4.3666613e-01  -8.8958917e-01   2.6733567e-01
  -3.5704559e-01   0.0000000e+00  -4.2147721e-01   9.0413870e-01  -4.2147721e-01  -9.0413870e-01   2.9608298e-01
  -3.8860593e-01   0.0000000e+00  -4.0569703e-01   9.2087943e-01  -4.0569703e-01  -9.2087943e-01   3.2792156e-01
  -4.2098975e-01   0.0000000e+00  -3.8950512e-01   9.3995439e-01  -3.8950512e-01  -9.3995439e-01   3.6318382e-01
  -4.5381958e-01   0.0000000e+00  -3.7309021e-01   9.6146261e-01  -3.7309021e-01  -9.6146261e-01   4.0223793e-01
  -4.8673387e-01   0.0000000e+00  -3.5663306e-01   9.8546116e-01  -3.5663306e-01  -9.8546116e-01   4.4549163e-01
  -5.1941464e-01   0.0000000e+00  -3.4029268e-01   1.0119740e+00  -3.4029268e-01  -1.0119740e+00   4.9339652e-01
  -5.5160335e-01   0.0000000e+00  -3.2419833e-01   1.0410045e+00  -3.2419833e-01  -1.0410045e+00   5.4645274e-01
  -5.8310500e-01   0.0000000e+00  -3.0844750e-01   1.0725483e+00  -3.0844750e-01  -1.0725483e+00   6.0521424e-01
  -6.1378324e-01   0.0000000e+00  -2.9310838e-01   1.1066038e+00  -2.9310838e-01  -1.1066038e+00   6.7029452e-01
  -6.4355064e-01   0.0000000e+00  -2.7822468e-01   1.1431801e+00  -2.7822468e-01  -1.1431801e+00   7.4237305e-01
  -6.7235744e-01   0.0000000e+00  -2.6382128e-01   1.1823013e+00  -2.6382128e-01  -1.1823013e+00   8.2220237e-01
  -7.0018108e-01   0.0000000e+00  -2.4990946e-01   1.2240088e+00  -2.4990946e-01  -1.2240088e+00   9.1061595e-01
  -7.2701739e-01   0.0000000e+00  -2.3649131e-01   1.2683620e+00  -2.3649131e-01  -1.2683620e+00   1.0085369e+00
  -7.5287389e-01   0.0000000e+00  -2.2356306e-01   1.3154381e+00  -2.2356306e-01  -1.3154381e+00   1.1169875e+00
  -7.7776485e-01   0.0000000e+00  -2.1111757e-01   1.3653314e+00  -2.1111757e-01  -1.3653314e+00   1.2371001e+00
  -8.0170792e-01   0.0000000e+00  -1.9914604e-01   1.4181522e+00  -1.9914604e-01  -1.4181522e+00   1.3701287e+00
  -8.2472187e-01   0.0000000e+00  -1.8763906e-01   1.4740264e+00  -1.8763906e-01  -1.4740264e+00   1.5174623e+00
  -8.4682532e-01   0.0000000e+00  -1.7658734e-01   1.5330945e+00  -1.7658734e-01  -1.5330945e+00   1.6806390e+00
  -8.6803591e-01   0.0000000e+00  -1.6598205e-01   1.5955111e+00  -1.6598205e-01  -1.5955111e+00   1.8613625e+00
  -8.8837005e-01   0.0000000e+00  -1.5581498e-01   1.6614447e+00  -1.5581498e-01  -1.6614447e+00   2.0615197e+00
  -9.0784288e-01   0.0000000e+00  -1.4607856e-01   1.7310773e+00  -1.4607856e-01  -1.7310773e+00   2.2832003e+00
  -9.2646846e-01   0.0000000e+00  -1.3676577e-01   1.8046040e+00  -1.3676577e-01  -1.8046040e+00   2.5287188e+00
  -9.4426000e-01   0.0000000e+00  -1.2787000e-01   1.8822335e+00  -1.2787000e-01  -1.8822335e+00   2.8006386e+00
  -9.6123025e-01   0.0000000e+00  -1.1938488e-01   1.9641877e+00  -1.1938488e-01  -1.9641877e+00   3.1017986e+00
  -9.7739184e-01   0.0000000e+00  -1.1130408e-01   2.0507021e+00  -1.1130408e-01  -2.0507021e+00   3.4353432e+00
  -9.9275765e-01   0.0000000e+00  -1.0362117e-01   2.1420261e+00  -1.0362117e-01  -2.1420261e+00   3.8047546e+00
  -1.0073411e+00   0.0000000e+00  -9.6329430e-02   2.2384230e+00  -9.6329430e-02  -2.2384230e+00   4.2138899e+00
  -1.0211566e+00   0.0000000e+00  -8.9421691e-02   2.3401703e+00  -8.9421691e-02  -2.3401703e+00   4.6670206e+00
  -1.0342195e+00   0.0000000e+00  -8.2890244e-02   2.4475607e+00  -8.2890244e-02  -2.4475607e+00   5.1688775e+00
  -1.0465465e+00   0.0000000e+00  -7.6726734e-02   2.5609017e+00  -7.6726734e-02  -2.5609017e+00   5.7247005e+00
  -1.0581558e+00   0.0000000e+00  -7.0922101e-02   2.6805166e+00  -7.0922101e-02  -2.6805166e+00   6.3402926e+00
  -1.0690669e+00   0.0000000e+00  -6.5466556e-02   2.8067452e+00  -6.5466556e-02  -2.8067452e+00   7.0220809e+00
  -1.0793008e+00   0.0000000e+00  -6.0349581e-02   2.9399440e+00  -6.0349581e-02  -2.9399440e+00   7.7771837e+00
  -1.0888801e+00   0.0000000e+00  -5.5559956e-02   3.0804872e+00  -5.5559956e-02  -3.0804872e+00   8.6134847e+00
  -1.0978284e+00   0.0000000e+00  -5.1085819e-02   3.2287674e+00  -5.1085819e-02  -3.2287674e+00   9.5397153e+00
  -1.1061705e+00   0.0000000e+00  -4.6914734e-02   3.3851962e+00  -4.6914734e-02  -3.3851962e+00   1.0565546e+01
  -1.1139324e+00   0.0000000e+00  -4.3033789e-02   3.5502058e+00  -4.3033789e-02  -3.5502058e+00   1.1701687e+01
  -1.1211406e+00   0.0000000e+00  -3.9429699e-02   3.7242493e+00  -3.9429699e-02  -3.7242493e+00   1.2960000e+01
  -1.1997838e+00   0.0000000e+00  -1.0808718e-04   7.4495871e+01  -1.0808718e-04  -7.4495871e+01   5.5486350e+03
  -1.2000000e+00   0.0000000e+00             Inf   0.0000000e+00             Inf   0.0000000e+00             Inf
