   0.0000000e+00   0.0000000e+00  -6.0000000e-01   8.0000000e-01  -6.0000000e-01  -8.0000000e-01   0.0000000e+00
  -8.6208326e-02   0.0000000e+00  -5.5689584e-01   8.8441068e-01  -5.5689584e-01  -8.8441068e-01   1.8833333e-01
  -9.2523370e-02   0.0000000e+00  -5.5373832e-01   8.9146169e-01  -5.5373832e-01  -8.9146169e-01   2.0379754e-01
  -9.9221355e-02   0.0000000e+00  -5.5038932e-01   8.9910087e-01  -5.5038932e-01  -8.9910087e-01   2.2053152e-01
  -1.0631067e-01   0.0000000e+00  -5.4684466e-01   9.0737512e-01  -5.4684466e-01  -9.0737512e-01   2.3863955e-01
  -1.1379698e-01   0.0000000e+00  -5.4310151e-01   9.1633431e-01  -5.4310151e-01  -9.1633431e-01   2.5823444e-01
  -1.2168264e-01   0.0000000e+00  -5.3915868e-01   9.2603115e-01  -5.3915868e-01  -9.2603115e-01   2.7943828e-01
  -1.2996617e-01   0.0000000e+00  -5.3501692e-01   9.3652116e-01  -5.3501692e-01  -9.3652116e-01   3.0238319e-01
  -1.3864173e-01   0.0000000e+00  -5.3067913e-01   9.4786245e-01  -5.3067913e-01  -9.4786245e-01   3.2721212e-01
  -1.4769862e-01   0.0000000e+00  -5.2615069e-01   9.6011550e-01  -5.2615069e-01  -9.6011550e-01   3.5407978e-01
  -1.5712088e-01   0.0000000e+00  -5.2143956e-01   9.7334283e-01  -5.2143956e-01  -9.7334283e-01   3.8315356e-01
  -1.6688703e-01   0.0000000e+00  -5.1655649e-01   9.8760866e-01  -5.1655649e-01  -9.8760866e-01   4.1461461e-01
  -1.7696995e-01   0.0000000e+00  -5.1151502e-01   1.0029784e+00  -5.1151502e-01  -1.0029784e+00   4.4865896e-01
  -1.8733704e-01   0.0000000e+00  -5.0633148e-01   1.0195184e+00  -5.0633148e-01  -1.0195184e+00   4.8549872e-01
  -1.9795047e-01   0.0000000e+00  -5.0102476e-01   1.0372952e+00  -5.0102476e-01  -1.0372952e+00   5.2536342e-01
  -2.0876779e-01   0.0000000e+00  -4.9561611e-01   1.0563753e+00  -4.9561611e-01  -1.0563753e+00   5.6850144e-01
  -2.1974267e-01   0.0000000e+00  -4.9012866e-01   1.0768245e+00  -4.9012866e-01  -1.0768245e+00   6.1518156e-01
  -2.3082592e-01   0.0000000e+00  -4.8458704e-01   1.0987081e+00  -4.8458704e-01  -1.0987081e+00   6.6569463e-01
  -2.4196654e-01   0.0000000e+00  -4.7901673e-01   1.1220901e+00  -4.7901673e-01  -1.1220901e+00   7.2035536e-01
  -2.5311295e-01   0.0000000e+00  -4.7344353e-01   1.1470336e+00  -4.7344353e-01  -1.1470336e+00   7.7950433e-01
  -2.6421413e-01   0.0000000e+00  -4.6789293e-01   1.1736006e+00  -4.6789293e-01  -1.1736006e+00   8.4351008e-01
  -2.7522080e-01   0.0000000e+00  -4.6238960e-01   1.2018522e+00  -4.6238960e-01  -1.2018522e+00   9.1277138e-01
  -2.8608637e-01   0.0000000e+00  -4.5695682e-01   1.2318490e+00  -4.5695682e-01  -1.2318490e+00   9.8771979e-01
  -2.9676779e-01   0.0000000e+00  -4.5161611e-01   1.2636514e+00  -4.5161611e-01  -1.2636514e+00   1.0688223e+00
  -3.0722620e-01   0.0000000e+00  -4.4638690e-01   1.2973201e+00  -4.4638690e-01  -1.2973201e+00   1.1565842e+00
  -3.1742734e-01   0.0000000e+00  -4.4128633e-01   1.3329163e+00  -4.4128633e-01  -1.3329163e+00   1.2515522e+00
  -3.2734179e-01   0.0000000e+00  -4.3632910e-01   1.3705027e+00  -4.3632910e-01  -1.3705027e+00   1.3543182e+00
  -3.3694503e-01   0.0000000e+00  -4.3152749e-01   1.4101434e+00  -4.3152749e-01  -1.4101434e+00   1.4655224e+00
  -3.4621732e-01   0.0000000e+00  -4.2689134e-01   1.4519046e+00  -4.2689134e-01  -1.4519046e+00   1.5858577e+00
  -3.5514353e-01   0.0000000e+00  -4.2242823e-01   1.4958552e+00  -4.2242823e-01  -1.4958552e+00   1.7160737e+00
  -3.6371280e-01   0.0000000e+00  -4.1814360e-01   1.5420666e+00  -4.1814360e-01  -1.5420666e+00   1.8569820e+00
  -3.7191819e-01   0.0000000e+00  -4.1404091e-01   1.5906136e+00  -4.1404091e-01  -1.5906136e+00   2.0094603e+00
  -3.7975629e-01   0.0000000e+00  -4.1012185e-01   1.6415743e+00  -4.1012185e-01  -1.6415743e+00   2.1744587e+00
  -3.8722683e-01   0.0000000e+00  -4.0638658e-01   1.6950303e+00  -4.0638658e-01  -1.6950303e+00   2.3530053e+00
  -3.9433224e-01   0.0000000e+00  -4.0283388e-01   1.7510673e+00  -4.0283388e-01  -1.7510673e+00   2.5462125e+00
  -4.0107728e-01   0.0000000e+00  -3.9946136e-01   1.8097749e+00  -3.9946136e-01  -1.8097749e+00   2.7552841e+00
  -4.0746871e-01   0.0000000e+00  -3.9626564e-01   1.8712468e+00  -3.9626564e-01  -1.8712468e+00   2.9815228e+00
  -4.1351489e-01   0.0000000e+00  -3.9324256e-01   1.9355813e+00  -3.9324256e-01  -1.9355813e+00   3.2263381e+00
  -4.1922551e-01   0.0000000e+00  -3.9038725e-01   2.0028811e+00  -3.9038725e-01  -2.0028811e+00   3.4912554e+00
  -4.2461132e-01   0.0000000e+00  -3.8769434e-01   2.0732534e+00  -3.8769434e-01  -2.0732534e+00   3.7779252e+00
  -4.2968387e-01   0.0000000e+00  -3.8515807e-01   2.1468103e+00  -3.8515807e-01  -2.1468103e+00   4.0881338e+00
  -4.3445528e-01   0.0000000e+00  -3.8277236e-01   2.2236691e+00  -3.8277236e-01  -2.2236691e+00   4.4238138e+00
  -4.3893809e-01   0.0000000e+00  -3.8053096e-01   2.3039518e+00  -3.8053096e-01  -2.3039518e+00   4.7870568e+00
  -4.4314506e-01   0.0000000e+00  -3.7842747e-01   2.3877860e+00  -3.7842747e-01  -2.3877860e+00   5.1801260e+00
  -4.4708906e-01   0.0000000e+00  -3.7645547e-01   2.4753047e+00  -3.7645547e-01  -2.4753047e+00   5.6054704e+00
  -4.5078291e-01   0.0000000e+00  -3.7460854e-01   2.5666465e+00  -3.7460854e-01  -2.5666465e+00   6.0657402e+00
  -4.5423933e-01   0.0000000e+00  -3.7288033e-01   2.6619560e+00  -3.7288033e-01  -2.6619560e+00   6.5638031e+00
  -4.5747082e-01   0.0000000e+00  -3.7126459e-01   2.7613836e+00  -3.7126459e-01  -2.7613836e+00   7.1027624e+00
  -4.6048961e-01   0.0000000e+00  -3.6975520e-01   2.8650864e+00  -3.6975520e-01  -2.8650864e+00   7.6859761e+00
  -4.6330759e-01   0.0000000e+00  -3.6834621e-01   2.9732278e+00  -3.6834621e-01  -2.9732278e+00   8.3170779e+00
  -4.6593627e-01   0.0000000e+00  -3.6703186e-01   3.0859781e+00  -3.6703186e-01  -3.0859781e+00   9.0000000e+00
  -4.9991588e-01   0.0000000e+00  -3.5004206e-01   6.2158802e+01  -3.5004206e-01  -6.2158802e+01   3.8631892e+03
  -5.0000000e-01   0.0000000e+00             Inf   0.0000000e+00             Inf   0.0000000e+00             Inf
