   0.0000000e+00   0.0000000e+00  -4.0000000e-01   9.1651514e-01  -4.0000000e-01  -9.1651514e-01   0.0000000e+00
  -9.9193890e-02   0.0000000e+00  -3.5040306e-01   9.4421828e-01  -3.5040306e-01  -9.4421828e-01   8.3846154e-02
  -1.0962601e-01   0.0000000e+00  -3.4518699e-01   9.4767804e-01  -3.4518699e-01  -9.4767804e-01   9.2930677e-02
  -1.2108149e-01   0.0000000e+00  -3.3945925e-01   9.5161044e-01  -3.3945925e-01  -9.5161044e-01   1.0299949e-01
  -1.3363558e-01   0.0000000e+00  -3.3318221e-01   9.5608517e-01  -3.3318221e-01  -9.5608517e-01   1.1415923e-01
  -1.4736062e-01   0.0000000e+00  -3.2631969e-01   9.6118167e-01  -3.2631969e-01  -9.6118167e-01   1.2652810e-01
  -1.6232280e-01   0.0000000e+00  -3.1883860e-01   9.6698992e-01  -3.1883860e-01  -9.6698992e-01   1.4023710e-01
  -1.7857832e-01   0.0000000e+00  -3.1071084e-01   9.7361069e-01  -3.1071084e-01  -9.7361069e-01   1.5543144e-01
  -1.9616882e-01   0.0000000e+00  -3.0191559e-01   9.8115553e-01  -3.0191559e-01  -9.8115553e-01   1.7227206e-01
  -2.1511655e-01   0.0000000e+00  -2.9244172e-01   9.8974594e-01  -2.9244172e-01  -9.8974594e-01   1.9093731e-01
  -2.3541962e-01   0.0000000e+00  -2.8229019e-01   9.9951180e-01  -2.8229019e-01  -9.9951180e-01   2.1162489e-01
  -2.5704793e-01   0.0000000e+00  -2.7147604e-01   1.0105889e+00  -2.7147604e-01  -1.0105889e+00   2.3455393e-01
  -2.7994068e-01   0.0000000e+00  -2.6002966e-01   1.0231159e+00  -2.6002966e-01  -1.0231159e+00   2.5996726e-01
  -3.0400599e-01   0.0000000e+00  -2.4799700e-01   1.0372302e+00  -2.4799700e-01  -1.0372302e+00   2.8813407e-01
  -3.2912320e-01   0.0000000e+00  -2.3543840e-01   1.0530646e+00  -2.3543840e-01  -1.0530646e+00   3.1935269e-01
  -3.5514780e-01   0.0000000e+00  -2.2242610e-01   1.0707437e+00  -2.2242610e-01  -1.0707437e+00   3.5395376e-01
  -3.8191855e-01   0.0000000e+00  -2.0904073e-01   1.0903819e+00  -2.0904073e-01  -1.0903819e+00   3.9230378e-01
  -4.0926570e-01   0.0000000e+00  -1.9536715e-01   1.1120820e+00  -1.9536715e-01  -1.1120820e+00   4.3480892e-01
  -4.3701936e-01   0.0000000e+00  -1.8149032e-01   1.1359362e+00  -1.8149032e-01  -1.1359362e+00   4.8191939e-01
  -4.6501667e-01   0.0000000e+00  -1.6749166e-01   1.1620275e+00  -1.6749166e-01  -1.1620275e+00   5.3413417e-01
  -4.9310734e-01   0.0000000e+00  -1.5344633e-01   1.1904325e+00  -1.5344633e-01  -1.1904325e+00   5.9200628e-01
  -5.2115700e-01   0.0000000e+00  -1.3942150e-01   1.2212245e+00  -1.3942150e-01  -1.2212245e+00   6.5614870e-01
  -5.4904872e-01   0.0000000e+00  -1.2547564e-01   1.2544769e+00  -1.2547564e-01  -1.2544769e+00   7.2724078e-01
  -5.7668283e-01   0.0000000e+00  -1.1165859e-01   1.2902654e+00  -1.1165859e-01  -1.2902654e+00   8.0603552e-01
  -6.0397574e-01   0.0000000e+00  -9.8012132e-02   1.3286712e+00  -9.8012132e-02  -1.3286712e+00   8.9336748e-01
  -6.3085801e-01   0.0000000e+00  -8.4570997e-02   1.3697828e+00  -8.4570997e-02  -1.3697828e+00   9.9016164e-01
  -6.5727225e-01   0.0000000e+00  -7.1363877e-02   1.4136971e+00  -7.1363877e-02  -1.4136971e+00   1.0974432e+00
  -6.8317096e-01   0.0000000e+00  -5.8414521e-02   1.4605211e+00  -5.8414521e-02  -1.4605211e+00   1.2163485e+00
  -7.0851459e-01   0.0000000e+00  -4.5742704e-02   1.5103727e+00  -4.5742704e-02  -1.5103727e+00   1.3481368e+00
  -7.3326986e-01   0.0000000e+00  -3.3365070e-02   1.5633808e+00  -3.3365070e-02  -1.5633808e+00   1.4942041e+00
  -7.5740834e-01   0.0000000e+00  -2.1295829e-02   1.6196866e+00  -2.1295829e-02  -1.6196866e+00   1.6560974e+00
  -7.8090542e-01   0.0000000e+00  -9.5472907e-03   1.6794431e+00  -9.5472907e-03  -1.6794431e+00   1.8355315e+00
  -8.0373945e-01   0.0000000e+00   1.8697271e-03   1.7428163e+00   1.8697271e-03  -1.7428163e+00   2.0344068e+00
  -8.2589124e-01   0.0000000e+00   1.2945618e-02   1.8099849e+00   1.2945618e-02  -1.8099849e+00   2.2548297e+00
  -8.4734361e-01   0.0000000e+00   2.3671804e-02   1.8811408e+00   2.3671804e-02  -1.8811408e+00   2.4991349e+00
  -8.6808129e-01   0.0000000e+00   3.4040643e-02   1.9564895e+00   3.4040643e-02  -1.9564895e+00   2.7699100e+00
  -8.8809078e-01   0.0000000e+00   4.4045391e-02   2.0362504e+00   4.4045391e-02  -2.0362504e+00   3.0700229e+00
  -9.0736045e-01   0.0000000e+00   5.3680225e-02   2.1206568e+00   5.3680225e-02  -2.1206568e+00   3.4026523e+00
  -9.2588059e-01   0.0000000e+00   6.2940296e-02   2.2099570e+00   6.2940296e-02  -2.2099570e+00   3.7713212e+00
  -9.4364360e-01   0.0000000e+00   7.1821802e-02   2.3044141e+00   7.1821802e-02  -2.3044141e+00   4.1799346e+00
  -9.6064416e-01   0.0000000e+00   8.0322079e-02   2.4043066e+00   8.0322079e-02  -2.4043066e+00   4.6328201e+00
  -9.7687937e-01   0.0000000e+00   8.8439685e-02   2.5099289e+00   8.8439685e-02  -2.5099289e+00   5.1347747e+00
  -9.9234897e-01   0.0000000e+00   9.6174485e-02   2.6215916e+00   9.6174485e-02  -2.6215916e+00   5.6911149e+00
  -1.0070554e+00   0.0000000e+00   1.0352771e-01   2.7396225e+00   1.0352771e-01  -2.7396225e+00   6.3077331e+00
  -1.0210040e+00   0.0000000e+00   1.1050202e-01   2.8643665e+00   1.1050202e-01  -2.8643665e+00   6.9911604e+00
  -1.0342030e+00   0.0000000e+00   1.1710148e-01   2.9961869e+00   1.1710148e-01  -2.9961869e+00   7.7486353e+00
  -1.0466632e+00   0.0000000e+00   1.2333162e-01   3.1354654e+00   1.2333162e-01  -3.1354654e+00   8.5881808e+00
  -1.0583987e+00   0.0000000e+00   1.2919934e-01   3.2826034e+00   1.2919934e-01  -3.2826034e+00   9.5186889e+00
  -1.0694258e+00   0.0000000e+00   1.3471288e-01   3.4380225e+00   1.3471288e-01  -3.4380225e+00   1.0550015e+01
  -1.0797634e+00   0.0000000e+00   1.3988170e-01   3.6021653e+00   1.3988170e-01  -3.6021653e+00   1.1693083e+01
  -1.0894329e+00   0.0000000e+00   1.4471643e-01   3.7754966e+00   1.4471643e-01  -3.7754966e+00   1.2960000e+01
  -1.1996892e+00   0.0000000e+00   1.9984458e-01   7.5574907e+01   1.9984458e-01  -7.5574907e+01   5.7101271e+03
  -1.2000000e+00   0.0000000e+00             Inf   0.0000000e+00             Inf   0.0000000e+00             Inf
