   0.0000000e+00   0.0000000e+00  -4.0000000e-01   9.1651514e-01  -4.0000000e-01  -9.1651514e-01   0.0000000e+00
  -8.8882655e-02   0.0000000e+00  -3.5555867e-01   9.7294503e-01  -3.5555867e-01  -9.7294503e-01   1.3625000e-01
  -9.6127790e-02   0.0000000e+00  -3.5193610e-01   9.7820968e-01  -3.5193610e-01  -9.7820968e-01   1.4841488e-01
  -1.0388403e-01   0.0000000e+00  -3.4805799e-01   9.8397469e-01  -3.4805799e-01  -9.8397469e-01   1.6166589e-01
  -1.1217117e-01   0.0000000e+00  -3.4391442e-01   9.9028698e-01  -3.4391442e-01  -9.9028698e-01   1.7609999e-01
  -1.2100638e-01   0.0000000e+00  -3.3949681e-01   9.9719716e-01  -3.3949681e-01  -9.9719716e-01   1.9182282e-01
  -1.3040341e-01   0.0000000e+00  -3.3479830e-01   1.0047596e+00  -3.3479830e-01  -1.0047596e+00   2.0894944e-01
  -1.4037175e-01   0.0000000e+00  -3.2981412e-01   1.0130324e+00  -3.2981412e-01  -1.0130324e+00   2.2760518e-01
  -1.5091583e-01   0.0000000e+00  -3.2454208e-01   1.0220773e+00  -3.2454208e-01  -1.0220773e+00   2.4792658e-01
  -1.6203415e-01   0.0000000e+00  -3.1898293e-01   1.0319593e+00  -3.1898293e-01  -1.0319593e+00   2.7006234e-01
  -1.7371856e-01   0.0000000e+00  -3.1314072e-01   1.0427467e+00  -3.1314072e-01  -1.0427467e+00   2.9417446e-01
  -1.8595366e-01   0.0000000e+00  -3.0702317e-01   1.0545103e+00  -3.0702317e-01  -1.0545103e+00   3.2043939e-01
  -1.9871634e-01   0.0000000e+00  -3.0064183e-01   1.0673233e+00  -3.0064183e-01  -1.0673233e+00   3.4904935e-01
  -2.1197565e-01   0.0000000e+00  -2.9401218e-01   1.0812602e+00  -2.9401218e-01  -1.0812602e+00   3.8021371e-01
  -2.2569292e-01   0.0000000e+00  -2.8715354e-01   1.0963970e+00  -2.8715354e-01  -1.0963970e+00   4.1416054e-01
  -2.3982225e-01   0.0000000e+00  -2.8008888e-01   1.1128097e+00  -2.8008888e-01  -1.1128097e+00   4.5113825e-01
  -2.5431123e-01   0.0000000e+00  -2.7284438e-01   1.1305745e+00  -2.7284438e-01  -1.1305745e+00   4.9141747e-01
  -2.6910209e-01   0.0000000e+00  -2.6544896e-01   1.1497670e+00  -2.6544896e-01  -1.1497670e+00   5.3529296e-01
  -2.8413292e-01   0.0000000e+00  -2.5793354e-01   1.1704620e+00  -2.5793354e-01  -1.1704620e+00   5.8308581e-01
  -2.9933920e-01   0.0000000e+00  -2.5033040e-01   1.1927334e+00  -2.5033040e-01  -1.1927334e+00   6.3514577e-01
  -3.1465523e-01   0.0000000e+00  -2.4267239e-01   1.2166543e+00  -2.4267239e-01  -1.2166543e+00   6.9185383e-01
  -3.3001562e-01   0.0000000e+00  -2.3499219e-01   1.2422969e+00  -2.3499219e-01  -1.2422969e+00   7.5362498e-01
  -3.4535661e-01   0.0000000e+00  -2.2732169e-01   1.2697331e+00  -2.2732169e-01  -1.2697331e+00   8.2091128e-01
  -3.6061725e-01   0.0000000e+00  -2.1969138e-01   1.2990350e+00  -2.1969138e-01  -1.2990350e+00   8.9420514e-01
  -3.7574024e-01   0.0000000e+00  -2.1212988e-01   1.3302753e+00  -2.1212988e-01  -1.3302753e+00   9.7404294e-01
  -3.9067269e-01   0.0000000e+00  -2.0466366e-01   1.3635280e+00  -2.0466366e-01  -1.3635280e+00   1.0610089e+00
  -4.0536653e-01   0.0000000e+00  -1.9731674e-01   1.3988690e+00  -1.9731674e-01  -1.3988690e+00   1.1557396e+00
  -4.1977876e-01   0.0000000e+00  -1.9011062e-01   1.4363764e+00  -1.9011062e-01  -1.4363764e+00   1.2589281e+00
  -4.3387153e-01   0.0000000e+00  -1.8306424e-01   1.4761316e+00  -1.8306424e-01  -1.4761316e+00   1.3713296e+00
  -4.4761202e-01   0.0000000e+00  -1.7619399e-01   1.5182191e+00  -1.7619399e-01  -1.5182191e+00   1.4937668e+00
  -4.6097231e-01   0.0000000e+00  -1.6951385e-01   1.5627278e+00  -1.6951385e-01  -1.5627278e+00   1.6271356e+00
  -4.7392912e-01   0.0000000e+00  -1.6303544e-01   1.6097506e+00  -1.6303544e-01  -1.6097506e+00   1.7724120e+00
  -4.8646353e-01   0.0000000e+00  -1.5676823e-01   1.6593851e+00  -1.5676823e-01  -1.6593851e+00   1.9306592e+00
  -4.9856065e-01   0.0000000e+00  -1.5071968e-01   1.7117339e+00  -1.5071968e-01  -1.7117339e+00   2.1030352e+00
  -5.1020930e-01   0.0000000e+00  -1.4489535e-01   1.7669049e+00  -1.4489535e-01  -1.7669049e+00   2.2908017e+00
  -5.2140173e-01   0.0000000e+00  -1.3929913e-01   1.8250114e+00  -1.3929913e-01  -1.8250114e+00   2.4953325e+00
  -5.3213330e-01   0.0000000e+00  -1.3393335e-01   1.8861722e+00  -1.3393335e-01  -1.8861722e+00   2.7181246e+00
  -5.4240220e-01   0.0000000e+00  -1.2879890e-01   1.9505121e+00  -1.2879890e-01  -1.9505121e+00   2.9608084e+00
  -5.5220916e-01   0.0000000e+00  -1.2389542e-01   2.0181619e+00  -1.2389542e-01  -2.0181619e+00   3.2251598e+00
  -5.6155724e-01   0.0000000e+00  -1.1922138e-01   2.0892584e+00  -1.1922138e-01  -2.0892584e+00   3.5131135e+00
  -5.7045154e-01   0.0000000e+00  -1.1477423e-01   2.1639448e+00  -1.1477423e-01  -2.1639448e+00   3.8267767e+00
  -5.7889902e-01   0.0000000e+00  -1.1055049e-01   2.2423711e+00  -1.1055049e-01  -2.2423711e+00   4.1684449e+00
  -5.8690827e-01   0.0000000e+00  -1.0654587e-01   2.3246937e+00  -1.0654587e-01  -2.3246937e+00   4.5406183e+00
  -5.9448928e-01   0.0000000e+00  -1.0275536e-01   2.4110762e+00  -1.0275536e-01  -2.4110762e+00   4.9460208e+00
  -6.0165332e-01   0.0000000e+00  -9.9173341e-02   2.5016890e+00  -9.9173341e-02  -2.5016890e+00   5.3876190e+00
  -6.0841266e-01   0.0000000e+00  -9.5793669e-02   2.5967102e+00  -9.5793669e-02  -2.5967102e+00   5.8686447e+00
  -6.1478048e-01   0.0000000e+00  -9.2609759e-02   2.6963257e+00  -9.2609759e-02  -2.6963257e+00   6.3926180e+00
  -6.2077066e-01   0.0000000e+00  -8.9614672e-02   2.8007289e+00  -8.9614672e-02  -2.8007289e+00   6.9633735e+00
  -6.2639762e-01   0.0000000e+00  -8.6801191e-02   2.9101219e+00  -8.6801191e-02  -2.9101219e+00   7.5850881e+00
  -6.3167620e-01   0.0000000e+00  -8.4161899e-02   3.0247152e+00  -8.4161899e-02  -3.0247152e+00   8.2623116e+00
  -6.3662152e-01   0.0000000e+00  -8.1689242e-02   3.1447284e+00  -8.1689242e-02  -3.1447284e+00   9.0000000e+00
  -6.9983560e-01   0.0000000e+00  -5.0082202e-02   6.2923154e+01  -5.0082202e-02  -6.2923154e+01   3.9583959e+03
  -7.0000000e-01   0.0000000e+00             Inf   0.0000000e+00             Inf   0.0000000e+00             Inf
