   0.0000000e+00   0.0000000e+00  -4.0000000e-01   9.1651514e-01  -4.0000000e-01  -9.1651514e-01   0.0000000e+00
  -8.0846704e-02   0.0000000e+00  -3.5957665e-01   9.9711089e-01  -3.5957665e-01  -9.9711089e-01   1.8166667e-01
  -8.6671797e-02   0.0000000e+00  -3.5666410e-01   1.0038393e+00  -3.5666410e-01  -1.0038393e+00   1.9672811e-01
  -9.2836197e-02   0.0000000e+00  -3.5358190e-01   1.0111220e+00  -3.5358190e-01  -1.0111220e+00   2.1303825e-01
  -9.9346289e-02   0.0000000e+00  -3.5032686e-01   1.0190017e+00  -3.5032686e-01  -1.0190017e+00   2.3070062e-01
  -1.0620627e-01   0.0000000e+00  -3.4689687e-01   1.0275235e+00  -3.4689687e-01  -1.0275235e+00   2.4982732e-01
  -1.1341777e-01   0.0000000e+00  -3.4329111e-01   1.0367354e+00  -3.4329111e-01  -1.0367354e+00   2.7053975e-01
  -1.2097957e-01   0.0000000e+00  -3.3951022e-01   1.0466874e+00  -3.3951022e-01  -1.0466874e+00   2.9296940e-01
  -1.2888720e-01   0.0000000e+00  -3.3555640e-01   1.0574321e+00  -3.3555640e-01  -1.0574321e+00   3.1725862e-01
  -1.3713273e-01   0.0000000e+00  -3.3143364e-01   1.0690241e+00  -3.3143364e-01  -1.0690241e+00   3.4356158e-01
  -1.4570452e-01   0.0000000e+00  -3.2714774e-01   1.0815201e+00  -3.2714774e-01  -1.0815201e+00   3.7204525e-01
  -1.5458709e-01   0.0000000e+00  -3.2270645e-01   1.0949787e+00  -3.2270645e-01  -1.0949787e+00   4.0289041e-01
  -1.6376109e-01   0.0000000e+00  -3.1811945e-01   1.1094601e+00  -3.1811945e-01  -1.1094601e+00   4.3629286e-01
  -1.7320337e-01   0.0000000e+00  -3.1339832e-01   1.1250257e+00  -3.1339832e-01  -1.1250257e+00   4.7246460e-01
  -1.8288712e-01   0.0000000e+00  -3.0855644e-01   1.1417382e+00  -3.0855644e-01  -1.1417382e+00   5.1163523e-01
  -1.9278227e-01   0.0000000e+00  -3.0360886e-01   1.1596613e+00  -3.0360886e-01  -1.1596613e+00   5.5405338e-01
  -2.0285581e-01   0.0000000e+00  -2.9857210e-01   1.1788591e+00  -2.9857210e-01  -1.1788591e+00   5.9998829e-01
  -2.1307235e-01   0.0000000e+00  -2.9346382e-01   1.1993967e+00  -2.9346382e-01  -1.1993967e+00   6.4973153e-01
  -2.2339474e-01   0.0000000e+00  -2.8830263e-01   1.2213394e+00  -2.8830263e-01  -1.2213394e+00   7.0359884e-01
  -2.3378467e-01   0.0000000e+00  -2.8310767e-01   1.2447529e+00  -2.8310767e-01  -1.2447529e+00   7.6193212e-01
  -2.4420333e-01   0.0000000e+00  -2.7789833e-01   1.2697034e+00  -2.7789833e-01  -1.2697034e+00   8.2510164e-01
  -2.5461215e-01   0.0000000e+00  -2.7269393e-01   1.2962577e+00  -2.7269393e-01  -1.2962577e+00   8.9350836e-01
  -2.6497332e-01   0.0000000e+00  -2.6751334e-01   1.3244830e+00  -2.6751334e-01  -1.3244830e+00   9.6758647e-01
  -2.7525046e-01   0.0000000e+00  -2.6237477e-01   1.3544475e+00  -2.6237477e-01  -1.3544475e+00   1.0478062e+00
  -2.8540906e-01   0.0000000e+00  -2.5729547e-01   1.3862203e+00  -2.5729547e-01  -1.3862203e+00   1.1346767e+00
  -2.9541690e-01   0.0000000e+00  -2.5229155e-01   1.4198718e+00  -2.5229155e-01  -1.4198718e+00   1.2287493e+00
  -3.0524439e-01   0.0000000e+00  -2.4737781e-01   1.4554738e+00  -2.4737781e-01  -1.4554738e+00   1.3306213e+00
  -3.1486479e-01   0.0000000e+00  -2.4256760e-01   1.4931002e+00  -2.4256760e-01  -1.4931002e+00   1.4409391e+00
  -3.2425436e-01   0.0000000e+00  -2.3787282e-01   1.5328265e+00  -2.3787282e-01  -1.5328265e+00   1.5604031e+00
  -3.3339241e-01   0.0000000e+00  -2.3330379e-01   1.5747309e+00  -2.3330379e-01  -1.5747309e+00   1.6897715e+00
  -3.4226133e-01   0.0000000e+00  -2.2886934e-01   1.6188941e+00  -2.2886934e-01  -1.6188941e+00   1.8298654e+00
  -3.5084649e-01   0.0000000e+00  -2.2457675e-01   1.6653995e+00  -2.2457675e-01  -1.6653995e+00   1.9815740e+00
  -3.5913618e-01   0.0000000e+00  -2.2043191e-01   1.7143337e+00  -2.2043191e-01  -1.7143337e+00   2.1458604e+00
  -3.6712144e-01   0.0000000e+00  -2.1643928e-01   1.7657866e+00  -2.1643928e-01  -1.7657866e+00   2.3237673e+00
  -3.7479589e-01   0.0000000e+00  -2.1260206e-01   1.8198515e+00  -2.1260206e-01  -1.8198515e+00   2.5164240e+00
  -3.8215556e-01   0.0000000e+00  -2.0892222e-01   1.8766255e+00  -2.0892222e-01  -1.8766255e+00   2.7250532e+00
  -3.8919870e-01   0.0000000e+00  -2.0540065e-01   1.9362093e+00  -2.0540065e-01  -1.9362093e+00   2.9509792e+00
  -3.9592556e-01   0.0000000e+00  -2.0203722e-01   1.9987080e+00  -2.0203722e-01  -1.9987080e+00   3.1956361e+00
  -4.0233817e-01   0.0000000e+00  -1.9883092e-01   2.0642307e+00  -1.9883092e-01  -2.0642307e+00   3.4605768e+00
  -4.0844018e-01   0.0000000e+00  -1.9577991e-01   2.1328911e+00  -1.9577991e-01  -2.1328911e+00   3.7474829e+00
  -4.1423665e-01   0.0000000e+00  -1.9288168e-01   2.2048072e+00  -1.9288168e-01  -2.2048072e+00   4.0581755e+00
  -4.1973383e-01   0.0000000e+00  -1.9013309e-01   2.2801021e+00  -1.9013309e-01  -2.2801021e+00   4.3946267e+00
  -4.2493903e-01   0.0000000e+00  -1.8753049e-01   2.3589036e+00  -1.8753049e-01  -2.3589036e+00   4.7589721e+00
  -4.2986042e-01   0.0000000e+00  -1.8506979e-01   2.4413449e+00  -1.8506979e-01  -2.4413449e+00   5.1535243e+00
  -4.3450689e-01   0.0000000e+00  -1.8274656e-01   2.5275645e+00  -1.8274656e-01  -2.5275645e+00   5.5807876e+00
  -4.3888788e-01   0.0000000e+00  -1.8055606e-01   2.6177062e+00  -1.8055606e-01  -2.6177062e+00   6.0434741e+00
  -4.4301328e-01   0.0000000e+00  -1.7849336e-01   2.7119201e+00  -1.7849336e-01  -2.7119201e+00   6.5445205e+00
  -4.4689327e-01   0.0000000e+00  -1.7655336e-01   2.8103621e+00  -1.7655336e-01  -2.8103621e+00   7.0871072e+00
  -4.5053827e-01   0.0000000e+00  -1.7473087e-01   2.9131944e+00  -1.7473087e-01  -2.9131944e+00   7.6746782e+00
  -4.5395876e-01   0.0000000e+00  -1.7302062e-01   3.0205857e+00  -1.7302062e-01  -3.0205857e+00   8.3109628e+00
  -4.5716525e-01   0.0000000e+00  -1.7141738e-01   3.1327119e+00  -1.7141738e-01  -3.1327119e+00   9.0000000e+00
  -4.9989208e-01   0.0000000e+00  -1.5005396e-01   6.2754558e+01  -1.5005396e-01  -6.2754558e+01   3.9373071e+03
  -5.0000000e-01   0.0000000e+00             Inf   0.0000000e+00             Inf   0.0000000e+00             Inf
