   0.0000000e+00   0.0000000e+00  -4.0000000e-01   9.1651514e-01  -4.0000000e-01  -9.1651514e-01   0.0000000e+00
  -3.3520226e-02   0.0000000e+00  -3.8323989e-01   1.0117355e+00  -3.8323989e-01  -1.0117355e+00   1.9617401e-01
  -3.5806157e-02   0.0000000e+00  -3.8209692e-01   1.0191881e+00  -3.8209692e-01  -1.0191881e+00   2.1210538e-01
  -3.8214782e-02   0.0000000e+00  -3.8089261e-01   1.0272000e+00  -3.8089261e-01  -1.0272000e+00   2.2933055e-01
  -4.0747937e-02   0.0000000e+00  -3.7962603e-01   1.0358092e+00  -3.7962603e-01  -1.0358092e+00   2.4795459e-01
  -4.3406780e-02   0.0000000e+00  -3.7829661e-01   1.0450557e+00  -3.7829661e-01  -1.0450557e+00   2.6809108e-01
  -4.6191697e-02   0.0000000e+00  -3.7690415e-01   1.0549817e+00  -3.7690415e-01  -1.0549817e+00   2.8986287e-01
  -4.9102217e-02   0.0000000e+00  -3.7544889e-01   1.0656313e+00  -3.7544889e-01  -1.0656313e+00   3.1340276e-01
  -5.2136928e-02   0.0000000e+00  -3.7393154e-01   1.0770507e+00  -3.7393154e-01  -1.0770507e+00   3.3885433e-01
  -5.5293403e-02   0.0000000e+00  -3.7235330e-01   1.0892881e+00  -3.7235330e-01  -1.0892881e+00   3.6637284e-01
  -5.8568137e-02   0.0000000e+00  -3.7071593e-01   1.1023936e+00  -3.7071593e-01  -1.1023936e+00   3.9612613e-01
  -6.1956499e-02   0.0000000e+00  -3.6902175e-01   1.1164193e+00  -3.6902175e-01  -1.1164193e+00   4.2829571e-01
  -6.5452705e-02   0.0000000e+00  -3.6727365e-01   1.1314193e+00  -3.6727365e-01  -1.1314193e+00   4.6307778e-01
  -6.9049813e-02   0.0000000e+00  -3.6547509e-01   1.1474496e+00  -3.6547509e-01  -1.1474496e+00   5.0068453e-01
  -7.2739735e-02   0.0000000e+00  -3.6363013e-01   1.1645676e+00  -3.6363013e-01  -1.1645676e+00   5.4134533e-01
  -7.6513285e-02   0.0000000e+00  -3.6174336e-01   1.1828329e+00  -3.6174336e-01  -1.1828329e+00   5.8530822e-01
  -8.0360249e-02   0.0000000e+00  -3.5981988e-01   1.2023064e+00  -3.5981988e-01  -1.2023064e+00   6.3284135e-01
  -8.4269482e-02   0.0000000e+00  -3.5786526e-01   1.2230506e+00  -3.5786526e-01  -1.2230506e+00   6.8423467e-01
  -8.8229031e-02   0.0000000e+00  -3.5588548e-01   1.2451298e+00  -3.5588548e-01  -1.2451298e+00   7.3980166e-01
  -9.2226281e-02   0.0000000e+00  -3.5388686e-01   1.2686095e+00  -3.5388686e-01  -1.2686095e+00   7.9988126e-01
  -9.6248119e-02   0.0000000e+00  -3.5187594e-01   1.2935565e+00  -3.5187594e-01  -1.2935565e+00   8.6483996e-01
  -1.0028112e-01   0.0000000e+00  -3.4985944e-01   1.3200393e+00  -3.4985944e-01  -1.3200393e+00   9.3507399e-01
  -1.0431172e-01   0.0000000e+00  -3.4784414e-01   1.3481275e+00  -3.4784414e-01  -1.3481275e+00   1.0110117e+00
  -1.0832642e-01   0.0000000e+00  -3.4583679e-01   1.3778922e+00  -3.4583679e-01  -1.3778922e+00   1.0931164e+00
  -1.1231198e-01   0.0000000e+00  -3.4384401e-01   1.4094058e+00  -3.4384401e-01  -1.4094058e+00   1.1818889e+00
  -1.1625558e-01   0.0000000e+00  -3.4187221e-01   1.4427421e+00  -3.4187221e-01  -1.4427421e+00   1.2778706e+00
  -1.2014500e-01   0.0000000e+00  -3.3992750e-01   1.4779767e+00  -3.3992750e-01  -1.4779767e+00   1.3816470e+00
  -1.2396877e-01   0.0000000e+00  -3.3801562e-01   1.5151864e+00  -3.3801562e-01  -1.5151864e+00   1.4938512e+00
  -1.2771626e-01   0.0000000e+00  -3.3614187e-01   1.5544499e+00  -3.3614187e-01  -1.5544499e+00   1.6151674e+00
  -1.3137784e-01   0.0000000e+00  -3.3431108e-01   1.5958477e+00  -3.3431108e-01  -1.5958477e+00   1.7463359e+00
  -1.3494492e-01   0.0000000e+00  -3.3252754e-01   1.6394622e+00  -3.3252754e-01  -1.6394622e+00   1.8881566e+00
  -1.3840998e-01   0.0000000e+00  -3.3079501e-01   1.6853779e+00  -3.3079501e-01  -1.6853779e+00   2.0414946e+00
  -1.4176665e-01   0.0000000e+00  -3.2911668e-01   1.7336816e+00  -3.2911668e-01  -1.7336816e+00   2.2072852e+00
  -1.4500965e-01   0.0000000e+00  -3.2749517e-01   1.7844626e+00  -3.2749517e-01  -1.7844626e+00   2.3865398e+00
  -1.4813484e-01   0.0000000e+00  -3.2593258e-01   1.8378128e+00  -3.2593258e-01  -1.8378128e+00   2.5803517e+00
  -1.5113911e-01   0.0000000e+00  -3.2443045e-01   1.8938268e+00  -3.2443045e-01  -1.8938268e+00   2.7899032e+00
  -1.5402038e-01   0.0000000e+00  -3.2298981e-01   1.9526024e+00  -3.2298981e-01  -1.9526024e+00   3.0164724e+00
  -1.5677751e-01   0.0000000e+00  -3.2161125e-01   2.0142405e+00  -3.2161125e-01  -2.0142405e+00   3.2614414e+00
  -1.5941025e-01   0.0000000e+00  -3.2029488e-01   2.0788456e+00  -3.2029488e-01  -2.0788456e+00   3.5263045e+00
  -1.6191913e-01   0.0000000e+00  -3.1904043e-01   2.1465258e+00  -3.1904043e-01  -2.1465258e+00   3.8126771e+00
  -1.6430541e-01   0.0000000e+00  -3.1784729e-01   2.2173929e+00  -3.1784729e-01  -2.2173929e+00   4.1223063e+00
  -1.6657096e-01   0.0000000e+00  -3.1671452e-01   2.2915631e+00  -3.1671452e-01  -2.2915631e+00   4.4570805e+00
  -1.6871821e-01   0.0000000e+00  -3.1564089e-01   2.3691568e+00  -3.1564089e-01  -2.3691568e+00   4.8190419e+00
  -1.7075005e-01   0.0000000e+00  -3.1462498e-01   2.4502990e+00  -3.1462498e-01  -2.4502990e+00   5.2103984e+00
  -1.7266975e-01   0.0000000e+00  -3.1366513e-01   2.5351194e+00  -3.1366513e-01  -2.5351194e+00   5.6335371e+00
  -1.7448090e-01   0.0000000e+00  -3.1275955e-01   2.6237529e+00  -3.1275955e-01  -2.6237529e+00   6.0910390e+00
  -1.7618733e-01   0.0000000e+00  -3.1190633e-01   2.7163397e+00  -3.1190633e-01  -2.7163397e+00   6.5856949e+00
  -1.7779308e-01   0.0000000e+00  -3.1110346e-01   2.8130255e+00  -3.1110346e-01  -2.8130255e+00   7.1205220e+00
  -1.7930228e-01   0.0000000e+00  -3.1034886e-01   2.9139619e+00  -3.1034886e-01  -2.9139619e+00   7.6987826e+00
  -1.8071916e-01   0.0000000e+00  -3.0964042e-01   3.0193064e+00  -3.0964042e-01  -3.0193064e+00   8.3240041e+00
  -1.8204798e-01   0.0000000e+00  -3.0897601e-01   3.1292231e+00  -3.0897601e-01  -3.1292231e+00   9.0000000e+00
  -1.9995551e-01   0.0000000e+00  -3.0002225e-01   6.2895081e+01  -3.0002225e-01  -6.2895081e+01   3.9550012e+03
  -2.0000000e-01   0.0000000e+00             Inf   0.0000000e+00             Inf   0.0000000e+00             Inf
