   0.0000000e+00   0.0000000e+00  -1.0000000e+00   0.0000000e+00   0.0000000e+00
  -4.0561042e-02   0.0000000e+00  -1.1094390e+00   0.0000000e+00   1.5000000e-01
  -4.3455812e-02   0.0000000e+00  -1.1185724e+00   0.0000000e+00   1.6202825e-01
  -4.6527798e-02   0.0000000e+00  -1.1284932e+00   0.0000000e+00   1.7502102e-01
  -4.9783263e-02   0.0000000e+00  -1.1392724e+00   0.0000000e+00   1.8905566e-01
  -5.3227944e-02   0.0000000e+00  -1.1509878e+00   0.0000000e+00   2.0421571e-01
  -5.6866918e-02   0.0000000e+00  -1.1637245e+00   0.0000000e+00   2.2059142e-01
  -6.0704440e-02   0.0000000e+00  -1.1775758e+00   0.0000000e+00   2.3828027e-01
  -6.4743782e-02   0.0000000e+00  -1.1926438e+00   0.0000000e+00   2.5738756e-01
  -6.8987058e-02   0.0000000e+00  -1.2090400e+00   0.0000000e+00   2.7802704e-01
  -7.3435045e-02   0.0000000e+00  -1.2268865e+00   0.0000000e+00   3.0032155e-01
  -7.8087006e-02   0.0000000e+00  -1.2463168e+00   0.0000000e+00   3.2440383e-01
  -8.2940512e-02   0.0000000e+00  -1.2674767e+00   0.0000000e+00   3.5041723e-01
  -8.7991283e-02   0.0000000e+00  -1.2905253e+00   0.0000000e+00   3.7851659e-01
  -9.3233040e-02   0.0000000e+00  -1.3156362e+00   0.0000000e+00   4.0886919e-01
  -9.8657395e-02   0.0000000e+00  -1.3429983e+00   0.0000000e+00   4.4165572e-01
  -1.0425377e-01   0.0000000e+00  -1.3728176e+00   0.0000000e+00   4.7707135e-01
  -1.1000935e-01   0.0000000e+00  -1.4053175e+00   0.0000000e+00   5.1532689e-01
  -1.1590913e-01   0.0000000e+00  -1.4407410e+00   0.0000000e+00   5.5665008e-01
  -1.2193596e-01   0.0000000e+00  -1.4793510e+00   0.0000000e+00   6.0128691e-01
  -1.2807071e-01   0.0000000e+00  -1.5214324e+00   0.0000000e+00   6.4950309e-01
  -1.3429248e-01   0.0000000e+00  -1.5672932e+00   0.0000000e+00   7.0158564e-01
  -1.4057886e-01   0.0000000e+00  -1.6172657e+00   0.0000000e+00   7.5784461e-01
  -1.4690626e-01   0.0000000e+00  -1.6717086e+00   0.0000000e+00   8.1861488e-01
  -1.5325029e-01   0.0000000e+00  -1.7310079e+00   0.0000000e+00   8.8425822e-01
  -1.5958617e-01   0.0000000e+00  -1.7955792e+00   0.0000000e+00   9.5516539e-01
  -1.6588919e-01   0.0000000e+00  -1.8658693e+00   0.0000000e+00   1.0317585e+00
  -1.7213509e-01   0.0000000e+00  -1.9423584e+00   0.0000000e+00   1.1144935e+00
  -1.7830054e-01   0.0000000e+00  -2.0255623e+00   0.0000000e+00   1.2038628e+00
  -1.8436347e-01   0.0000000e+00  -2.1160351e+00   0.0000000e+00   1.3003985e+00
  -1.9030344e-01   0.0000000e+00  -2.2143718e+00   0.0000000e+00   1.4046753e+00
  -1.9610194e-01   0.0000000e+00  -2.3212119e+00   0.0000000e+00   1.5173138e+00
  -2.0174253e-01   0.0000000e+00  -2.4372421e+00   0.0000000e+00   1.6389846e+00
  -2.0721107e-01   0.0000000e+00  -2.5632010e+00   0.0000000e+00   1.7704120e+00
  -2.1249572e-01   0.0000000e+00  -2.6998826e+00   0.0000000e+00   1.9123784e+00
  -2.1758700e-01   0.0000000e+00  -2.8481418e+00   0.0000000e+00   2.0657288e+00
  -2.2247771e-01   0.0000000e+00  -3.0088983e+00   0.0000000e+00   2.2313760e+00
  -2.2716283e-01   0.0000000e+00  -3.1831435e+00   0.0000000e+00   2.4103063e+00
  -2.3163941e-01   0.0000000e+00  -3.3719453e+00   0.0000000e+00   2.6035847e+00
  -2.3590635e-01   0.0000000e+00  -3.5764554e+00   0.0000000e+00   2.8123617e+00
  -2.3996425e-01   0.0000000e+00  -3.7979160e+00   0.0000000e+00   3.0378803e+00
  -2.4381523e-01   0.0000000e+00  -4.0376675e+00   0.0000000e+00   3.2814827e+00
  -2.4746265e-01   0.0000000e+00  -4.2971566e+00   0.0000000e+00   3.5446193e+00
  -2.5091101e-01   0.0000000e+00  -4.5779453e+00   0.0000000e+00   3.8288563e+00
  -2.5416569e-01   0.0000000e+00  -4.8817201e+00   0.0000000e+00   4.1358858e+00
  -2.5723278e-01   0.0000000e+00  -5.2103027e+00   0.0000000e+00   4.4675355e+00
  -2.6011896e-01   0.0000000e+00  -5.5656606e+00   0.0000000e+00   4.8257796e+00
  -2.6283133e-01   0.0000000e+00  -5.9499194e+00   0.0000000e+00   5.2127507e+00
  -2.6537724e-01   0.0000000e+00  -6.3653751e+00   0.0000000e+00   5.6307523e+00
  -2.6776426e-01   0.0000000e+00  -6.8145086e+00   0.0000000e+00   6.0822728e+00
  -2.7000000e-01   0.0000000e+00  -7.3000000e+00   0.0000000e+00   6.5700000e+00
  -2.9856559e-01   0.0000000e+00  -1.4670143e+02   0.0000000e+00   1.4600000e+02
  -3.0000000e-01   0.0000000e+00             Inf   0.0000000e+00             Inf
