   0.0000000e+00   0.0000000e+00  -1.0000000e+00   0.0000000e+00   0.0000000e+00
  -9.2067126e-02   0.0000000e+00  -1.0454329e+00   0.0000000e+00   1.3750000e-01
  -9.7938873e-02   0.0000000e+00  -1.0488018e+00   0.0000000e+00   1.4674067e-01
  -1.0415921e-01   0.0000000e+00  -1.0524431e+00   0.0000000e+00   1.5660235e-01
  -1.1074473e-01   0.0000000e+00  -1.0563821e+00   0.0000000e+00   1.6712678e-01
  -1.1771215e-01   0.0000000e+00  -1.0606464e+00   0.0000000e+00   1.7835851e-01
  -1.2507808e-01   0.0000000e+00  -1.0652670e+00   0.0000000e+00   1.9034507e-01
  -1.3285893e-01   0.0000000e+00  -1.0702782e+00   0.0000000e+00   2.0313718e-01
  -1.4107065e-01   0.0000000e+00  -1.0757183e+00   0.0000000e+00   2.1678898e-01
  -1.4972847e-01   0.0000000e+00  -1.0816298e+00   0.0000000e+00   2.3135825e-01
  -1.5884661e-01   0.0000000e+00  -1.0880600e+00   0.0000000e+00   2.4690664e-01
  -1.6843792e-01   0.0000000e+00  -1.0950620e+00   0.0000000e+00   2.6349997e-01
  -1.7851347e-01   0.0000000e+00  -1.1026950e+00   0.0000000e+00   2.8120844e-01
  -1.8908208e-01   0.0000000e+00  -1.1110249e+00   0.0000000e+00   3.0010701e-01
  -2.0014979e-01   0.0000000e+00  -1.1201259e+00   0.0000000e+00   3.2027565e-01
  -2.1171927e-01   0.0000000e+00  -1.1300805e+00   0.0000000e+00   3.4179972e-01
  -2.2378917e-01   0.0000000e+00  -1.1409812e+00   0.0000000e+00   3.6477032e-01
  -2.3635344e-01   0.0000000e+00  -1.1529312e+00   0.0000000e+00   3.8928465e-01
  -2.4940059e-01   0.0000000e+00  -1.1660459e+00   0.0000000e+00   4.1544646e-01
  -2.6291297e-01   0.0000000e+00  -1.1804535e+00   0.0000000e+00   4.4336648e-01
  -2.7686608e-01   0.0000000e+00  -1.1962968e+00   0.0000000e+00   4.7316285e-01
  -2.9122794e-01   0.0000000e+00  -1.2137337e+00   0.0000000e+00   5.0496169e-01
  -3.0595861e-01   0.0000000e+00  -1.2329389e+00   0.0000000e+00   5.3889756e-01
  -3.2100990e-01   0.0000000e+00  -1.2541042e+00   0.0000000e+00   5.7511408e-01
  -3.3632534e-01   0.0000000e+00  -1.2774392e+00   0.0000000e+00   6.1376453e-01
  -3.5184056e-01   0.0000000e+00  -1.3031719e+00   0.0000000e+00   6.5501248e-01
  -3.6748398e-01   0.0000000e+00  -1.3315485e+00   0.0000000e+00   6.9903249e-01
  -3.8317803e-01   0.0000000e+00  -1.3628328e+00   0.0000000e+00   7.4601085e-01
  -3.9884079e-01   0.0000000e+00  -1.3973056e+00   0.0000000e+00   7.9614639e-01
  -4.1438802e-01   0.0000000e+00  -1.4352633e+00   0.0000000e+00   8.4965128e-01
  -4.2973547e-01   0.0000000e+00  -1.4770165e+00   0.0000000e+00   9.0675196e-01
  -4.4480144e-01   0.0000000e+00  -1.5228886e+00   0.0000000e+00   9.6769008e-01
  -4.5950921e-01   0.0000000e+00  -1.5732143e+00   0.0000000e+00   1.0327235e+00
  -4.7378934e-01   0.0000000e+00  -1.6283382e+00   0.0000000e+00   1.1021276e+00
  -4.8758148e-01   0.0000000e+00  -1.6886144e+00   0.0000000e+00   1.1761959e+00
  -5.0083576e-01   0.0000000e+00  -1.7544062e+00   0.0000000e+00   1.2552419e+00
  -5.1351348e-01   0.0000000e+00  -1.8260868e+00   0.0000000e+00   1.3396003e+00
  -5.2558728e-01   0.0000000e+00  -1.9040406e+00   0.0000000e+00   1.4296279e+00
  -5.3704067e-01   0.0000000e+00  -1.9886651e+00   0.0000000e+00   1.5257058e+00
  -5.4786725e-01   0.0000000e+00  -2.0803734e+00   0.0000000e+00   1.6282406e+00
  -5.5806944e-01   0.0000000e+00  -2.1795968e+00   0.0000000e+00   1.7376663e+00
  -5.6765723e-01   0.0000000e+00  -2.2867886e+00   0.0000000e+00   1.8544458e+00
  -5.7664669e-01   0.0000000e+00  -2.4024269e+00   0.0000000e+00   1.9790736e+00
  -5.8505862e-01   0.0000000e+00  -2.5270183e+00   0.0000000e+00   2.1120769e+00
  -5.9291732e-01   0.0000000e+00  -2.6611014e+00   0.0000000e+00   2.2540187e+00
  -6.0024939e-01   0.0000000e+00  -2.8052503e+00   0.0000000e+00   2.4054997e+00
  -6.0708285e-01   0.0000000e+00  -2.9600780e+00   0.0000000e+00   2.5671609e+00
  -6.1344633e-01   0.0000000e+00  -3.1262402e+00   0.0000000e+00   2.7396865e+00
  -6.1936841e-01   0.0000000e+00  -3.3044383e+00   0.0000000e+00   2.9238067e+00
  -6.2487721e-01   0.0000000e+00  -3.4954235e+00   0.0000000e+00   3.1203007e+00
  -6.3000000e-01   0.0000000e+00  -3.7000000e+00   0.0000000e+00   3.3300000e+00
  -6.9714685e-01   0.0000000e+00  -7.4302853e+01   0.0000000e+00   7.4000000e+01
  -7.0000000e-01   0.0000000e+00             Inf   0.0000000e+00             Inf
