   0.0000000e+00   0.0000000e+00  -1.0000000e+00   0.0000000e+00   0.0000000e+00
  -1.0187309e-01   0.0000000e+00  -9.8979357e-01   0.0000000e+00   9.1666667e-02
  -1.0997509e-01   0.0000000e+00  -9.8889168e-01   0.0000000e+00   9.8866773e-02
  -1.1873231e-01   0.0000000e+00  -9.8790011e-01   0.0000000e+00   1.0663242e-01
  -1.2820006e-01   0.0000000e+00  -9.8680798e-01   0.0000000e+00   1.1500804e-01
  -1.3843883e-01   0.0000000e+00  -9.8560270e-01   0.0000000e+00   1.2404153e-01
  -1.4951496e-01   0.0000000e+00  -9.8426961e-01   0.0000000e+00   1.3378458e-01
  -1.6150139e-01   0.0000000e+00  -9.8279152e-01   0.0000000e+00   1.4429290e-01
  -1.7447854e-01   0.0000000e+00  -9.8114808e-01   0.0000000e+00   1.5562662e-01
  -1.8853546e-01   0.0000000e+00  -9.7931511e-01   0.0000000e+00   1.6785057e-01
  -2.0377117e-01   0.0000000e+00  -9.7726349e-01   0.0000000e+00   1.8103466e-01
  -2.2029644e-01   0.0000000e+00  -9.7495788e-01   0.0000000e+00   1.9525432e-01
  -2.3823605e-01   0.0000000e+00  -9.7235484e-01   0.0000000e+00   2.1059089e-01
  -2.5773182e-01   0.0000000e+00  -9.6940027e-01   0.0000000e+00   2.2713209e-01
  -2.7894682e-01   0.0000000e+00  -9.6602573e-01   0.0000000e+00   2.4497255e-01
  -3.0207123e-01   0.0000000e+00  -9.6214308e-01   0.0000000e+00   2.6421431e-01
  -3.2733116e-01   0.0000000e+00  -9.5763629e-01   0.0000000e+00   2.8496745e-01
  -3.5500211e-01   0.0000000e+00  -9.5234858e-01   0.0000000e+00   3.0735068e-01
  -3.8543099e-01   0.0000000e+00  -9.4606106e-01   0.0000000e+00   3.3149204e-01
  -4.1907445e-01   0.0000000e+00  -9.3845517e-01   0.0000000e+00   3.5752962e-01
  -4.5657154e-01   0.0000000e+00  -9.2904082e-01   0.0000000e+00   3.8561236e-01
  -4.9889820e-01   0.0000000e+00  -9.1700271e-01   0.0000000e+00   4.1590091e-01
  -5.4775574e-01   0.0000000e+00  -9.0081278e-01   0.0000000e+00   4.4856852e-01
  -6.0686447e-01   0.0000000e+00  -8.7693759e-01   0.0000000e+00   4.8380206e-01
  -6.9027742e-01   0.0000000e+00  -8.3152566e-01   0.0000000e+00   5.2180308e-01
  -7.5472501e-01   0.0000000e+00  -7.8141336e-01   0.0000000e+00   5.3613837e-01
  -7.6833751e-01   0.0000000e+00  -7.6833753e-01   0.0000000e+00   5.3667504e-01
  -7.6860586e-01   1.3338777e-02  -7.6860586e-01  -1.3338777e-02   5.3721172e-01
  -7.8139447e-01   9.2144004e-02  -7.8139447e-01  -9.2144004e-02   5.6278894e-01
  -7.9244576e-01   1.2413860e-01  -7.9244576e-01  -1.2413860e-01   5.8489153e-01
  -8.0349706e-01   1.4861361e-01  -8.0349706e-01  -1.4861361e-01   6.0699411e-01
  -8.2733572e-01   1.8882318e-01  -8.2733572e-01  -1.8882318e-01   6.5467145e-01
  -8.5304684e-01   2.2139136e-01  -8.5304684e-01  -2.2139136e-01   7.0609368e-01
  -8.8077747e-01   2.4888046e-01  -8.8077747e-01  -2.4888046e-01   7.6155495e-01
  -9.1068626e-01   2.7232390e-01  -9.1068626e-01  -2.7232390e-01   8.2137251e-01
  -9.4294427e-01   2.9211898e-01  -9.4294427e-01  -2.9211898e-01   8.8588855e-01
  -9.7773605e-01   3.0830428e-01  -9.7773605e-01  -3.0830428e-01   9.5547210e-01
  -1.0152606e+00   3.2065438e-01  -1.0152606e+00  -3.2065438e-01   1.0305212e+00
  -1.0557326e+00   3.2869499e-01  -1.0557326e+00  -3.2869499e-01   1.1114652e+00
  -1.0993835e+00   3.3166191e-01  -1.0993835e+00  -3.3166191e-01   1.1987670e+00
  -1.1464630e+00   3.2839182e-01  -1.1464630e+00  -3.2839182e-01   1.2929261e+00
  -1.1972405e+00   3.1708718e-01  -1.1972405e+00  -3.1708718e-01   1.3944810e+00
  -1.2520064e+00   2.9477797e-01  -1.2520064e+00  -2.9477797e-01   1.5040128e+00
  -1.2815402e+00   2.7756650e-01  -1.2815402e+00  -2.7756650e-01   1.5630804e+00
  -1.3110740e+00   2.5582764e-01  -1.3110740e+00  -2.5582764e-01   1.6221479e+00
  -1.3429275e+00   2.2580127e-01  -1.3429275e+00  -2.2580127e-01   1.6858551e+00
  -1.3747811e+00   1.8572925e-01  -1.3747811e+00  -1.8572925e-01   1.7495622e+00
  -1.4027560e+00   1.3542095e-01  -1.4027560e+00  -1.3542095e-01   1.8055119e+00
  -1.4167434e+00   9.8354606e-02  -1.4167434e+00  -9.8354606e-02   1.8334868e+00
  -1.4307308e+00   2.4842041e-02  -1.4307308e+00  -2.4842041e-02   1.8614616e+00
  -1.4316625e+00   0.0000000e+00  -1.4316625e+00   0.0000000e+00   1.8633250e+00
  -1.4077172e+00   0.0000000e+00  -1.4574711e+00   0.0000000e+00   1.8651883e+00
  -1.3541228e+00   0.0000000e+00  -1.5328615e+00   0.0000000e+00   1.8869844e+00
  -1.2638484e+00   0.0000000e+00  -1.7713522e+00   0.0000000e+00   2.0352006e+00
  -1.2266716e+00   0.0000000e+00  -1.9683871e+00   0.0000000e+00   2.1950587e+00
  -1.2033738e+00   0.0000000e+00  -2.1640994e+00   0.0000000e+00   2.3674732e+00
  -1.1868479e+00   0.0000000e+00  -2.3665823e+00   0.0000000e+00   2.5534302e+00
  -1.1743418e+00   0.0000000e+00  -2.5796517e+00   0.0000000e+00   2.7539935e+00
  -1.1644849e+00   0.0000000e+00  -2.8058255e+00   0.0000000e+00   2.9703104e+00
  -1.1564936e+00   0.0000000e+00  -3.0471247e+00   0.0000000e+00   3.2036182e+00
  -1.1498782e+00   0.0000000e+00  -3.3053734e+00   0.0000000e+00   3.4552516e+00
  -1.1443131e+00   0.0000000e+00  -3.5823368e+00   0.0000000e+00   3.7266499e+00
  -1.1015615e+00   0.0000000e+00  -7.1545175e+01   0.0000000e+00   7.1646737e+01
  -1.1000000e+00   0.0000000e+00             Inf   0.0000000e+00             Inf
