   0.0000000e+00   0.0000000e+00  -1.0000000e+00   0.0000000e+00   0.0000000e+00
  -1.0490544e-01   0.0000000e+00  -9.7366599e-01   0.0000000e+00   7.8571429e-02
  -1.1481135e-01   0.0000000e+00  -9.7093846e-01   0.0000000e+00   8.5749812e-02
  -1.2569549e-01   0.0000000e+00  -9.6788853e-01   0.0000000e+00   9.3584021e-02
  -1.3766566e-01   0.0000000e+00  -9.6446832e-01   0.0000000e+00   1.0213397e-01
  -1.5084481e-01   0.0000000e+00  -9.6062025e-01   0.0000000e+00   1.1146506e-01
  -1.6537435e-01   0.0000000e+00  -9.5627430e-01   0.0000000e+00   1.2164864e-01
  -1.8141847e-01   0.0000000e+00  -9.5134414e-01   0.0000000e+00   1.3276262e-01
  -1.9917016e-01   0.0000000e+00  -9.4572181e-01   0.0000000e+00   1.4489197e-01
  -2.1885973e-01   0.0000000e+00  -9.3926975e-01   0.0000000e+00   1.5812948e-01
  -2.4076751e-01   0.0000000e+00  -9.3180888e-01   0.0000000e+00   1.7257639e-01
  -2.6524342e-01   0.0000000e+00  -9.2309976e-01   0.0000000e+00   1.8834318e-01
  -2.9273912e-01   0.0000000e+00  -9.1281133e-01   0.0000000e+00   2.0555045e-01
  -3.2386448e-01   0.0000000e+00  -9.0046531e-01   0.0000000e+00   2.2432979e-01
  -3.5949622e-01   0.0000000e+00  -8.8532862e-01   0.0000000e+00   2.4482484e-01
  -4.0101486e-01   0.0000000e+00  -8.6617748e-01   0.0000000e+00   2.6719234e-01
  -4.5092880e-01   0.0000000e+00  -8.4067456e-01   0.0000000e+00   2.9160336e-01
  -5.1516321e-01   0.0000000e+00  -8.0308140e-01   0.0000000e+00   3.1824461e-01
  -6.2568176e-01   0.0000000e+00  -7.2163807e-01   0.0000000e+00   3.4731983e-01
  -6.6051827e-01   0.0000000e+00  -6.9013113e-01   0.0000000e+00   3.5064940e-01
  -6.7550020e-01   0.0000000e+00  -6.7550020e-01   0.0000000e+00   3.5100040e-01
  -6.7567570e-01   1.4804353e-02  -6.7567570e-01  -1.4804353e-02   3.5135140e-01
  -6.8952570e-01   1.3160976e-01  -6.8952570e-01  -1.3160976e-01   3.7905140e-01
  -7.0684100e-01   1.9535200e-01  -7.0684100e-01  -1.9535200e-01   4.1368200e-01
  -7.2573825e-01   2.4540466e-01  -7.2573825e-01  -2.4540466e-01   4.5147650e-01
  -7.4636198e-01   2.8893761e-01  -7.4636198e-01  -2.8893761e-01   4.9272396e-01
  -7.6886991e-01   3.2848262e-01  -7.6886991e-01  -3.2848262e-01   5.3773983e-01
  -7.9343420e-01   3.6522745e-01  -7.9343420e-01  -3.6522745e-01   5.8686840e-01
  -8.2024271e-01   3.9979113e-01  -8.2024271e-01  -3.9979113e-01   6.4048543e-01
  -8.4950049e-01   4.3249299e-01  -8.4950049e-01  -4.3249299e-01   6.9900097e-01
  -8.8143128e-01   4.6346546e-01  -8.8143128e-01  -4.6346546e-01   7.6286257e-01
  -9.1627932e-01   4.9270522e-01  -9.1627932e-01  -4.9270522e-01   8.3255864e-01
  -9.5431111e-01   5.2009537e-01  -9.5431111e-01  -5.2009537e-01   9.0862222e-01
  -9.9581754e-01   5.4541088e-01  -9.9581754e-01  -5.4541088e-01   9.9163508e-01
  -1.0411160e+00   5.6831250e-01  -1.0411160e+00  -5.6831250e-01   1.0822321e+00
  -1.0905531e+00   5.8832983e-01  -1.0905531e+00  -5.8832983e-01   1.1811061e+00
  -1.1445067e+00   6.0483208e-01  -1.1445067e+00  -6.0483208e-01   1.2890135e+00
  -1.2033897e+00   6.1698172e-01  -1.2033897e+00  -6.1698172e-01   1.4067793e+00
  -1.2676522e+00   6.2366146e-01  -1.2676522e+00  -6.2366146e-01   1.5353044e+00
  -1.3377859e+00   6.2335562e-01  -1.3377859e+00  -6.2335562e-01   1.6755718e+00
  -1.4143270e+00   6.1394571e-01  -1.4143270e+00  -6.1394571e-01   1.8286541e+00
  -1.4978611e+00   5.9232676e-01  -1.4978611e+00  -5.9232676e-01   1.9957222e+00
  -1.5890269e+00   5.5359141e-01  -1.5890269e+00  -5.5359141e-01   2.1780538e+00
  -1.6387743e+00   5.2462553e-01  -1.6387743e+00  -5.2462553e-01   2.2775487e+00
  -1.6885218e+00   4.8892826e-01  -1.6885218e+00  -4.8892826e-01   2.3770435e+00
  -1.7428142e+00   4.4035851e-01  -1.7428142e+00  -4.4035851e-01   2.4856283e+00
  -1.7971066e+00   3.7800139e-01  -1.7971066e+00  -3.7800139e-01   2.5942132e+00
  -1.8563592e+00   2.8366253e-01  -1.8563592e+00  -2.8366253e-01   2.7127184e+00
  -1.8859855e+00   2.1591888e-01  -1.8859855e+00  -2.1591888e-01   2.7719711e+00
  -1.9156118e+00   1.0498600e-01  -1.9156118e+00  -1.0498600e-01   2.8312237e+00
  -1.9230753e+00   4.2156500e-02  -1.9230753e+00  -4.2156500e-02   2.8461506e+00
  -1.9244998e+00   2.0679488e-08  -1.9244998e+00  -2.0679488e-08   2.8489996e+00
  -1.8837197e+00   0.0000000e+00  -1.9681289e+00   0.0000000e+00   2.8518486e+00
  -1.6388141e+00   0.0000000e+00  -2.4510737e+00   0.0000000e+00   3.0898878e+00
  -1.5574753e+00   0.0000000e+00  -2.8147085e+00   0.0000000e+00   3.3721838e+00
  -1.5083412e+00   0.0000000e+00  -3.1719295e+00   0.0000000e+00   3.6802706e+00
  -1.4739053e+00   0.0000000e+00  -3.5425994e+00   0.0000000e+00   4.0165047e+00
  -1.4479808e+00   0.0000000e+00  -3.9354768e+00   0.0000000e+00   4.3834576e+00
  -1.4276039e+00   0.0000000e+00  -4.3563317e+00   0.0000000e+00   4.7839357e+00
  -1.4111147e+00   0.0000000e+00  -4.8098873e+00   0.0000000e+00   5.2210020e+00
  -1.3974875e+00   0.0000000e+00  -5.3005117e+00   0.0000000e+00   5.6979992e+00
  -1.3037354e+00   0.0000000e+00  -1.0570650e+02   0.0000000e+00   1.0601023e+02
  -1.3000000e+00   0.0000000e+00             Inf   0.0000000e+00             Inf
